0.1793850806451613
0.17990927419354838
0.18037298387096776
0.18044354838709678
0.18065524193548388
0.1808366935483871
0.18108870967741936
0.1817641129032258
0.18228830645161292
0.1823991935483871
0.18265120967741935
0.18285282258064517
0.18300403225806453
0.1837600806451613
0.184304435483871
0.1844858870967742
0.18462197580645162
0.18474294354838708
0.18538810483870968
0.18579133064516126
0.18598286290322577
0.18642641129032256
0.18657762096774191
0.18665826612903225
0.18748487903225808
0.18774697580645164
0.18801915322580648
0.18818044354838712
0.1882661290322581
0.18838709677419357
0.18959677419354842
0.19092741935483876
0.1912197580645162
0.19166330645161295
0.1917792338709678
0.1918699596774194
0.19217237903225812
0.19378528225806452
0.19392137096774195
0.1942036290322581
0.19442540322580648
0.19448588709677422
0.19509072580645162
0.19623991935483875
0.19651209677419357
0.19654737903225805
0.1966078629032258
0.19717237903225807
0.19836189516129032
0.19866431451612904
0.19894657258064521
0.1990675403225807
0.19955141129032258
0.1996522177419355
0.200085685483871
0.20121471774193553
0.20124495967741937
0.20168850806451616
0.20176915322580652
0.20233366935483876
0.20318044354838713
0.2045715725806452
0.20481350806451618
0.20484879032258071
0.20491935483870974
0.20546370967741936
0.2065120967741936
0.2071370967741936
0.20724798387096774
0.2073891129032258
0.20791330645161293
0.20811491935483872
0.20894153225806453
0.20924899193548388
0.20939012096774193
0.20961189516129036
0.20973286290322585
0.2102167338709678
0.21043850806451622
0.2111441532258065
0.21132560483870974
0.21144657258064525
0.211592741935484
0.21189516129032265
0.212358870967742
0.2137701612903226
0.21413306451612907
0.21429435483870968
0.21473790322580646
0.21478830645161293
0.21496975806451615
0.21654233870967746
0.21669354838709678
0.21675907258064517
0.2169102822580645
0.21727318548387095
0.21830141129032263
0.21983366935483872
0.21992439516129036
0.21998487903225805
0.22028729838709676
0.22048891129032255
0.22078124999999998
0.2218296370967742
0.2222328629032258
0.2224546370967742
0.22252520161290323
0.22267641129032262
0.22281754032258067
0.22341229838709678
0.22352318548387098
0.22361391129032263
0.2236895161290323
0.22395161290322585
0.22514112903225814
0.2259274193548388
0.22620967741935494
0.22651209677419365
0.2265725806451614
0.22663306451612913
0.22683971774193556
0.22744455645161296
0.22780745967741942
0.2280493951612904
0.22819052419354846
0.2284324596774194
0.22887600806451616
0.2300050403225807
0.23044858870967747
0.23060987903225807
0.23063508064516133
0.23066532258064518
0.23086189516129033
0.23116431451612907
0.23168850806451613
0.23193044354838713
0.23241431451612907
0.23281754032258065
0.23298387096774192
0.23369959677419355
0.23418346774193546
0.2342741935483871
0.23437500000000003
0.23457661290322582
0.23472782258064515
0.23587701612903225
0.23614919354838707
0.2362096774193548
0.23635080645161285
0.2368346774193548
0.23704133064516125
0.237797379032258
0.23791834677419352
0.23806451612903226
0.23816532258064513
0.23854838709677414
0.2388004032258064
0.2399697580645161
0.24025201612903221
0.24030241935483868
0.2404032258064516
0.24053427419354836
0.24087701612903223
0.2422883064516129
0.24279233870967742
0.24284778225806453
0.24299899193548385
0.24315020161290324
0.24354334677419354
0.24459173387096775
0.24467237903225808
0.2448538306451613
0.24543850806451617
0.24556451612903232
0.24625000000000005
0.24650705645161294
0.24659778225806456
0.24690020161290327
0.2473840725806452
0.24742943548387097
0.24764616935483877
0.24824092741935486
0.24831653225806452
0.2483870967741936
0.2487298387096775
0.24876008064516134
0.24887096774193548
0.24941532258064517
0.24989919354838713
0.25001008064516134
0.25006552419354844
0.25014616935483874
0.25077116935483873
0.25132560483870975
0.25139616935483877
0.25155745967741944
0.25168346774193556
0.2517237903225807
0.25226814516129037
0.25304435483870974
0.2530897177419355
0.25319052419354837
0.2532610887096774
0.25358366935483867
0.25408770161290317
0.25464213709677413
0.2547026209677419
0.25506552419354833
0.25528729838709674
0.2555695564516129
0.2556754032258064
0.25712701612903227
0.25722782258064514
0.25735383064516126
0.257414314516129
0.25766633064516126
0.2579284274193549
0.2589969758064517
0.25920866935483877
0.2594808467741936
0.2595715725806452
0.25963205645161297
0.26015625000000003
0.26083165322580654
0.2610735887096775
0.26115927419354845
0.261421370967742
0.2618447580645161
0.2619203629032258
0.26229838709677417
0.2625504032258064
0.2626915322580646
0.2628528225806452
0.26307459677419354
0.26317540322580646
0.2646068548387096
0.26467741935483863
0.2648185483870968
0.2652217741935484
0.2655040322580645
0.2658064516129032
0.2661441532258064
0.26626008064516127
0.2663054435483871
0.2664163306451613
0.26692036290322585
0.2678881048387097
0.26825604838709677
0.26838709677419353
0.2685282258064516
0.26882056451612907
0.26894153225806455
0.2690020161290323
0.2703931451612903
0.2704989919354838
0.2706804435483871
0.27097278225806454
0.2713760080645161
0.2719102822580645
0.27336189516129034
0.27343245967741936
0.273523185483871
0.2737247983870968
0.273835685483871
0.2743497983870968
0.27551915322580645
0.27602318548387095
0.27625504032258064
0.27637096774193554
0.27657258064516127
0.27692540322580644
0.2781754032258064
0.2783568548387096
0.2788810483870967
0.2791834677419355
0.2792237903225806
0.2797379032258064
0.28003024193548376
0.28015120967741924
0.28018649193548384
0.2804082661290323
0.28051915322580645
0.28082157258064516
0.2811743951612903
0.2812550403225806
0.2814465725806451
0.28172883064516124
0.281859879032258
0.28192036290322575
0.2835131048387097
0.2836542338709677
0.2838961693548387
0.28406754032258064
0.28420866935483874
0.2846522177419355
0.28540826612903225
0.28552923387096774
0.2860534274193548
0.2861945564516129
0.28622983870967744
0.28646169354838713
0.2867691532258065
0.28709173387096776
0.28737399193548385
0.2875050403225806
0.28765625
0.2881199596774194
0.28881552419354833
0.2890574596774193
0.2892389112903226
0.2895614919354838
0.2896118951612903
0.28999495967741934
0.290398185483871
0.2905141129032258
0.2906451612903226
0.2910282258064516
0.29115927419354837
0.29131048387096775
0.2916834677419355
0.29214717741935486
0.2927318548387097
0.2928830645161291
0.2930292338709678
0.2931905241935484
0.2936945564516129
0.2938306451612903
0.2942137096774194
0.2948185483870968
0.29493447580645166
0.29540826612903226
0.29570564516129033
0.29625000000000007
0.2963608870967742
0.2966431451612903
0.29674395161290323
0.2968195564516129
0.2982510080645161
0.29841229838709676
0.298976814516129
0.2990826612903225
0.29933467741935477
0.29944556451612897
0.2997731854838709
0.3000252016129032
0.3001058467741935
0.3002469758064516
0.30053931451612903
0.30075604838709674
0.3011592741935483
0.30129032258064514
0.3015826612903226
0.30170362903225806
0.3020060483870968
0.30219758064516133
0.3028225806451613
0.30288306451612906
0.30308467741935485
0.30323588709677424
0.3032862903225807
0.3033568548387097
0.30490927419354846
0.3050504032258065
0.3051411290322581
0.3051864919354839
0.3052973790322581
0.30566028225806463
0.30601814516129044
0.30630040322580654
0.30658266129032263
0.3067137096774194
0.3068145161290323
0.306890120967742
0.30749495967741935
0.3075352822580645
0.3076159274193548
0.30775201612903225
0.3078125
0.3080040322580645
0.3083165322580645
0.308820564516129
0.30893649193548384
0.3090675403225806
0.3093699596774193
0.30991431451612905
0.31049899193548386
0.31059475806451614
0.31089717741935485
0.31109879032258064
0.31118951612903223
0.31173387096774197
0.31200604838709683
0.3120917338709678
0.31253528225806454
0.3126008064516129
0.31306451612903224
0.31322076612903227
0.3139264112903226
0.3141280241935484
0.3142086693548387
0.31461189516129034
0.31474294354838717
0.3148941532258065
0.31527217741935487
0.3153528225806452
0.3154334677419356
0.31554435483870974
0.31574596774193553
0.3163104838709678
0.3169153225806452
0.31717741935483873
0.31727822580645165
0.3173790322580646
0.3174596774193549
0.3175453629032258
0.31859375
0.3186290322580645
0.31875
0.31882560483870964
0.3188760080645161
0.3190675403225806
0.3198235887096774
0.32020665322580644
0.3203225806451613
0.3203780241935484
0.3205040322580645
0.3207510080645161
0.32110383064516124
0.32117439516129026
0.321335685483871
0.3214616935483871
0.3218447580645161
0.3221270161290323
0.3236592741935484
0.324203629032258
0.3244758064516129
0.3245715725806452
0.32463709677419356
0.32490423387096773
0.3255090725806452
0.3260534274193549
0.326335685483871
0.3264868951612903
0.3265574596774194
0.3267489919354839
0.3283215725806452
0.3283618951612904
0.32845766129032267
0.32868951612903236
0.3288407258064517
0.3290020161290324
0.3303326612903227
0.33045362903225817
0.33053427419354847
0.3306552419354839
0.3308870967741936
0.3311693548387098
0.3315625000000001
0.3316532258064517
0.3319153225806452
0.33199596774193557
0.3320816532258065
0.3323790322580646
0.3326360887096775
0.33273689516129035
0.3328427419354839
0.3329334677419355
0.33306955645161296
0.33389616935483873
0.33453125
0.3346270161290323
0.33471774193548387
0.3352620967741936
0.3357661290322581
0.3358417338709678
0.33618447580645167
0.3362298387096775
0.3363911290322581
0.3364616935483871
0.3366129032258065
0.3367237903225807
0.3377721774193549
0.3378931451612904
0.33799899193548394
0.3381300403225807
0.3384022177419355
0.338765120967742
0.3394506048387097
0.3395161290322581
0.3396068548387097
0.33963205645161293
0.33975302419354836
0.34094254032258065
0.3422731854838709
0.3425151209677419
0.3427066532258064
0.34282762096774194
0.3431098790322581
0.3433114919354839
0.34359375000000003
0.34368951612903226
0.34380040322580646
0.34395161290322585
0.34401713709677423
0.34417842741935484
0.34453629032258065
0.34459173387096775
0.3446673387096774
0.3447681451612904
0.34479838709677424
0.34518145161290326
0.34661290322580646
0.3468951612903226
0.3471370967741936
0.34718750000000004
0.3476713709677419
0.3477116935483871
0.3484576612903226
0.34854838709677416
0.34881048387096775
0.34892641129032254
0.3490171370967742
0.34930947580645155
0.3496975806451612
0.3497530241935483
0.34993447580645154
0.3500756048387096
0.3503780241935483
0.35061995967741927
0.35184979838709673
0.35196068548387094
0.3520010080645161
0.35204637096774194
0.35214717741935486
0.35241431451612903
0.352671370967742
0.3527973790322581
0.3528780241935484
0.35295866935483877
0.3533014112903226
0.3534778225806452
0.3538054435483871
0.3539264112903226
0.35404233870967744
0.35412298387096774
0.35432459677419353
0.35460685483870974
0.35530241935483875
0.35546370967741936
0.3555947580645161
0.35573588709677423
0.3560584677419355
0.3570866935483871
0.3573991935483871
0.3574798387096774
0.3576008064516129
0.35771673387096775
0.3577671370967742
0.3585332661290323
0.3593094758064516
0.3595715725806452
0.3597832661290323
0.35984375
0.3602872983870968
0.36058467741935485
0.36088709677419356
0.3610030241935484
0.3610987903225807
0.36125
0.3613558467741936
0.36226310483870977
0.3629284274193549
0.3630997983870968
0.36315020161290323
0.36325100806451616
0.36328629032258064
0.3634173387096774
0.36446572580645165
0.3647177419354839
0.36484879032258066
0.36497983870967743
0.3655443548387097
0.36560987903225806
0.3659173387096774
0.36602822580645156
0.366078629032258
0.3661088709677419
0.3662903225806452
0.3666733870967742
0.36703629032258067
0.36756048387096774
0.3676260080645161
0.36769657258064514
0.3678175403225806
0.3689868951612903
0.3692993951612903
0.36936491935483867
0.36946068548387095
0.369516129032258
0.3695816532258064
0.36987903225806446
0.37025201612903225
0.3703225806451613
0.3705443548387097
0.3706451612903226
0.37069556451612906
0.37129032258064515
0.37162802419354835
0.3716683467741936
0.37190020161290316
0.3719858870967741
0.3721270161290323
0.3726209677419354
0.3732862903225806
0.3734072580645161
0.37348790322580644
0.3735332661290323
0.373694556451613
0.3738457661290323
0.3741179435483872
0.37419858870967754
0.37422379032258074
0.3743447580645161
0.3748487903225806
0.3751058467741936
0.3765372983870968
0.3767590725806452
0.37689516129032263
0.37704637096774196
0.3773487903225806
0.3773790322580645
0.3777671370967742
0.3781300403225807
0.3782157258064517
0.37826108870967745
0.3783014112903226
0.3788356854838709
0.379203629032258
0.37947580645161283
0.37973790322580636
0.37993951612903215
0.3800504032258064
0.380211693548387
0.3814415322580644
0.3815272177419353
0.3816078629032257
0.3816633064516128
0.3817237903225805
0.38179435483870955
0.3820665322580644
0.3821774193548386
0.38242943548387087
0.3826814516129031
0.3828124999999999
0.38295362903225794
0.38335181451612893
0.3834979838709676
0.38355846774193536
0.3836995967741934
0.3842237903225805
0.38444556451612893
0.38473790322580637
0.3851814516129031
0.3852721774193547
0.3854334677419354
0.3855141129032257
0.3855997983870966
0.38668850806451605
0.3867691532258064
0.3868800403225806
0.3869354838709677
0.38707661290322576
0.3873135080645161
0.38864415322580637
0.3889062499999999
0.3890070564516128
0.3893094758064516
0.38942540322580643
0.38966733870967746
0.3911592741935483
0.39130040322580645
0.3914264112903226
0.39153729838709667
0.3917288306451613
0.39231350806451615
0.39344254032258064
0.39348286290322576
0.3935635080645162
0.3937046370967742
0.393835685483871
0.39389112903225804
0.3944758064516129
0.3945866935483871
0.3947076612903226
0.39523185483870965
0.3953830645161291
0.39549395161290335
0.3961995967741936
0.39635080645161297
0.3964112903225807
0.39666330645161296
0.3968850806451613
0.3975705645161291
0.3983064516129033
0.3983870967741936
0.39851814516129036
0.3986038306451613
0.3987247983870968
0.3990120967741935
0.3992943548387097
0.3995766129032259
0.39964213709677426
0.3997429435483872
0.39980846774193557
0.40001008064516136
0.4003528225806452
0.40051411290322586
0.40066028225806455
0.40073084677419357
0.4008719758064516
0.4009526209677419
0.4012903225806451
0.40142137096774194
0.4014868951612903
0.4016885080645161
0.4018346774193548
0.40198084677419355
0.40228830645161284
0.40242943548387095
0.4027217741935484
0.4030846774193548
0.40312499999999996
0.4035282258064516
0.4046169354838709
0.40490927419354833
0.40497983870967735
0.40506048387096766
0.4051310483870967
0.405211693548387
0.4055897177419354
0.4058316532258064
0.4061945564516128
0.4064163306451612
0.4065070564516128
0.40669858870967734
0.40728326612903226
0.40733870967741936
0.40740423387096775
0.40747479838709677
0.40758064516129033
0.40874999999999995
0.4090877016129032
0.4092288306451613
0.4094203629032258
0.40953629032258065
0.41004032258064516
0.41031249999999997
0.41091733870967734
0.4110131048387096
0.41113911290322575
0.4111844758064516
0.41132056451612903
0.41184475806451615
0.41212701612903224
0.4123790322580645
0.412570564516129
0.4126915322580645
0.41273185483870967
0.41328629032258063
0.41451612903225804
0.4147379032258064
0.4148084677419354
0.4149395161290322
0.415055443548387
0.41533770161290323
0.41564012096774194
0.41573084677419353
0.4159324596774193
0.4160534274193548
0.41659778225806443
0.4166985887096773
0.41798891129032245
0.4180897177419354
0.4183014112903225
0.4183770161290322
0.41851814516129027
0.4186995967741935
0.4190776209677419
0.41919354838709677
0.4192237903225806
0.4193850806451613
0.41947580645161286
0.41959677419354835
0.41985383064516124
0.41998991935483865
0.42010080645161285
0.42048387096774187
0.4206451612903225
0.4207459677419354
0.4211038306451612
