0.40593750000000006
0.49281249999999976
0.5118750000000001
0.4046875000000001
0.36749999999999994
0.4262500000000001
0.37562499999999993
0.3968750000000001
0.44249999999999995
0.42171875000000003
0.41593749999999985
0.5
0.49531249999999977
0.3268749999999999
0.4756250000000001
0.4712500000000001
0.45999999999999996
0.49531250000000004
0.46625
0.32640625000000006
0.4131250000000001
0.4281249999999999
0.41968749999999994
0.31281250000000005
0.4731250000000001
0.42062499999999997
0.32406250000000003
0.4337499999999999
0.3085937499999999
0.38156249999999997
0.4599999999999999
