0.21824354838709673
0.21854419354838703
0.21871475806451607
0.21891879032258058
0.2195110483870967
0.2198977419354838
0.2202974731182795
0.2205100537634408
0.22076569892473114
0.22091112903225799
0.22143790322580637
0.22172459677419348
0.2217815860215053
0.2219473924731182
0.2222127150537634
0.2225143279569892
0.22280680107526876
0.22318196236559135
0.22319889784946234
0.22322174731182792
0.2235036827956989
0.22396739247311825
0.22434938172043012
0.224555188172043
0.2247261559139785
0.22496513440860216
0.2249957795698925
0.22547602150537635
0.2259913440860215
0.22629360215053762
0.22656416666666668
0.22687868279569892
0.22712029569892472
0.22733077956989245
0.2276409946236559
0.22777228494623655
0.22839728494623657
0.22889809139784945
0.22890319892473115
0.229012876344086
0.22960198924731184
0.22971247311827958
0.22993827956989246
0.23046610215053762
0.2309038440860215
0.23124551075268818
0.23158475806451612
0.23177104838709678
0.2323037096774193
0.23265559139784942
0.23269591397849457
0.23283274193548384
0.2335940322580645
0.2340620967741935
0.2344920967741935
0.23453604838709674
0.23473416666666663
0.23519948924731177
0.23558916666666663
0.2361879569892473
0.23659319892473119
0.23707586021505375
0.23731698924731184
0.23763661290322585
0.23797209677419354
0.23830193548387096
0.23835395161290324
0.23858782258064515
0.23875341397849462
0.23885147849462365
0.2392986559139785
0.23934833333333333
0.23938663978494626
0.23962857526881723
0.2398455107526882
0.23990163978494627
0.2406097043010753
0.24117946236559146
0.24176010752688173
0.24223655913978495
0.24251559139784948
0.24302889784946238
0.24356357526881722
0.24401163978494625
0.24444994623655913
0.24492212365591398
0.24545236559139788
0.24605680107526884
0.24651768817204303
0.2465324731182796
0.2465941666666667
0.24660989247311826
0.24703827956989247
0.2471210752688172
0.24771301075268817
0.24816623655913977
0.24844849462365592
0.24853155913978497
0.24870252688172045
0.24906607526881724
0.2496358333333334
0.249759623655914
0.24986553763440866
0.2501139247311828
0.25051956989247315
0.2509764247311828
0.2514506182795699
0.25183771505376346
0.2521799731182796
0.2526422311827958
0.25291266129032264
0.2532242741935484
0.25358852150537636
0.25366916666666667
0.2540530376344086
0.2543494892473118
0.2546886021505376
0.25523698924731186
0.25560903225806453
0.25600516129032264
0.25629360215053765
0.2567739247311828
0.25717271505376343
0.2575214247311828
0.25803217741935486
0.25808983870967744
0.25849403225806455
0.258865
0.25921298387096775
0.2593110483870968
0.2595943817204301
0.2596129301075269
0.25977959677419354
0.2601185752688172
0.2605266397849462
0.26107543010752693
0.2616004301075269
0.2619060752688172
0.26209586021505377
0.26230618279569895
0.26264690860215056
0.2631056182795699
0.26367723118279573
0.26389336021505383
0.2643430913978495
0.26453704301075276
0.26471510752688177
0.26495155913978496
0.26540344086021506
0.2659026344086022
0.26596741935483875
0.2662216129032259
0.2665987096774194
0.2667793548387097
0.26732999999999996
0.26763443548387095
0.2679903494623656
0.2683677688172043
0.2684496236559139
0.2687318817204301
0.26911709677419354
0.2694512903225806
0.26974040322580645
0.2700621774193548
0.27026782258064513
0.2705995430107527
0.27102427419354835
0.27112024193548384
0.2716418548387097
0.2721704838709677
0.27225338709677416
0.27272338709677413
0.2734104838709677
0.27373575268817196
0.27379946236559133
0.2739981182795698
0.27401973118279566
0.27413465053763436
0.2746511827956989
0.27493639784946233
0.2751939247311827
0.27539134408602145
0.2754787096774193
0.2759422580645161
0.2763616129032258
0.2765054301075268
0.27680349462365583
0.2769912365591397
0.2771299462365591
0.2772331720430107
0.27761973118279565
0.27783876344086017
0.27809198924731177
0.27810005376344077
0.27816241935483865
0.2783837903225806
0.27890986559139785
0.2790942741935484
0.2795962903225806
0.27987338709677423
0.28005107526881723
0.2806252688172043
0.2812359139784947
0.2817347043010753
0.28222059139784944
0.28265317204301077
0.2830440322580645
0.2831633870967742
0.2837972580645161
0.2839714516129032
0.2841483333333333
0.2847527688172043
0.2851159408602151
0.2855008870967742
0.2859541129032258
0.28642798387096774
0.28680298387096775
0.2869735483870968
0.2871529032258065
0.28742322580645163
0.2877554838709678
0.2879579032258065
0.2881179838709678
0.2882302419354839
0.28845766129032263
0.2887684139784947
0.2891293817204301
0.28963623655913984
0.29009698924731186
0.2903908064516129
0.2904985483870968
0.29056333333333334
0.29108551075268824
0.2912697849462366
0.29145741935483876
0.2919400806451614
0.29217975806451624
0.2923755645161291
0.29312556451612914
0.2934962096774194
0.2938304032258065
0.2938497580645162
0.2939615860215054
0.2940247580645162
0.2945854032258065
0.29462330645161294
0.29510879032258075
0.2955093279569893
0.29595158602150545
0.2961462096774194
0.2965955645161291
0.2967426612903226
0.2969768548387097
0.29750951612903237
0.29785467741935495
0.2978695967741936
0.29837637096774194
0.2983872580645161
0.298909193548387
0.2993418548387097
0.2995953494623656
0.29977373655913975
0.30012793010752686
0.3002037365591398
0.3004998655913978
0.3006736559139785
0.3006881720430107
0.3008017204301075
0.3011511827956989
0.3015121505376344
0.30178602150537637
0.3019444892473118
0.302262876344086
0.3024527956989247
0.30306932795698915
0.30325938172043004
0.3037522849462365
0.30376733870967737
0.303942876344086
0.30395739247311826
0.3047432795698925
0.30484811827956987
0.3052781182795699
0.30560876344086024
0.3057982795698925
0.30583602150537637
0.30663803763440867
0.30681975806451617
0.3072978225806452
0.30754459677419355
0.30758459677419353
0.3076475
0.3079952419354839
0.30837024193548385
0.3088508870967742
0.30918120967741936
0.3093860483870968
0.30986548387096785
0.31028766129032265
0.3106126612903226
0.31093491935483875
0.31102389784946244
0.31147793010752695
0.3115824462365591
0.3118966935483871
0.3122837903225807
0.3129523387096774
0.31313749999999996
0.31317072580645156
0.31327814516129027
0.31401927419354836
0.31408836021505376
0.3141680376344086
0.31423120967741935
0.31461830645161293
0.3146906182795699
0.31518819892473116
0.3153630376344086
0.31565658602150537
0.31586330645161287
0.3160979838709677
0.3166173387096774
0.3171647580645161
0.3175134139784946
0.3175437903225806
0.3178525
0.31795330645161285
0.3179577419354838
0.31851822580645156
0.3185709139784945
0.3188999462365591
0.3192988709677419
0.3198770967741935
0.32014161290322574
0.32077225806451604
0.3208596774193547
0.3209021505376343
0.32091263440860207
0.3210758602150537
0.32141376344086015
0.3218425268817203
0.3221828494623655
0.32253473118279563
0.3227245161290322
0.32281
0.3228347311827957
0.32322505376344085
0.3236476344086021
0.3240414516129032
0.32433607526881725
0.32451376344086025
0.32499408602150537
0.32544206989247315
0.32582231182795707
0.32610483870967744
0.32630580645161295
0.3266343010752688
0.3270449462365591
0.32742155913978493
0.3274664516129032
0.32760967741935487
0.3279153225806452
0.32824072580645164
0.3286149193548388
0.3289754032258065
0.32927991935483875
0.3296002419354839
0.329629811827957
0.3297031989247312
0.33030763440860217
0.33070709677419363
0.33081580645161296
0.3310459139784947
0.3311149462365592
0.33113725806451616
0.3311883333333334
0.33162139784946243
0.3316501075268818
0.3320833333333334
0.33216801075268826
0.3324280913978495
0.3328071236559141
0.3333780913978496
0.3337200268817206
0.3338903494623657
0.3343206720430109
0.3344416397849464
0.3348464784946238
0.3352255107526883
0.3354650268817206
0.33599930107526893
0.3360369354838711
0.33641435483870974
0.3368264516129033
0.3370990322580646
0.337374435483871
0.33780669354838716
0.33818895161290324
0.33826354838709677
0.3383549462365591
0.3388868010752688
0.33891717741935484
0.3394578225806452
0.3397938440860216
0.33982583333333344
0.3399329301075269
0.34030927419354845
0.3407592741935484
0.3410641129032258
0.34136572580645164
0.3416709677419355
0.34191102150537633
0.34228844086021504
0.3426327956989247
0.34308279569892464
0.3435606182795698
0.3437235215053762
0.3440038440860214
0.34450223118279566
0.34484228494623653
0.3453313172043011
0.345553252688172
0.34564438172043
0.3459494892473118
0.3463997580645161
0.34661508064516133
0.34698685483870967
0.3472215322580645
0.3475999193548387
0.3479234677419355
0.34832642473118275
0.3483320698924732
0.3486457795698925
0.34915303763440864
0.3492191666666667
0.34951271505376347
0.3498097580645162
0.3501038440860216
0.3504395967741937
0.3504679838709678
0.35075306451612914
0.3510389516129033
0.3513831451612905
0.35157104838709685
0.35193744623655926
0.3523660752688173
0.352656935483871
0.3526736021505376
0.3531532795698925
0.35341430107526883
0.35346204301075274
0.3535168817204302
0.35366720430107534
0.353686559139785
0.35429333333333335
0.3546255913978495
0.35531873655913976
0.3554937365591398
0.35563115591397854
0.3558337365591398
0.35611545698924735
0.3563485215053764
0.35644018817204304
0.356565188172043
0.3570061559139785
0.3570623387096774
0.357368252688172
0.3575107258064516
0.35810749999999997
0.3584975
0.3586335215053764
0.3591164247311828
0.3598829569892474
0.3599144086021506
0.3600775806451614
0.3601291935483872
0.3603052688172044
0.36075430107526896
0.3611924731182797
0.3613627956989248
0.36138618279569906
0.36149061827956996
0.3618435215053764
0.36218276881720435
0.3626682526881721
0.36300889784946244
0.3631453494623657
0.3634266397849463
0.3637054032258065
0.36375916666666674
0.3641123924731184
0.3641306720430108
0.36480889784946247
0.3652875268817205
0.365408494623656
0.36569333333333337
0.36606860215053777
0.36632989247311837
0.36678177419354846
0.36684924731182805
0.3669817741935485
0.3672110752688173
0.3676359139784947
0.36790580645161297
0.3682335483870969
0.3683703763440861
0.3686279032258066
0.36879887096774205
0.3690744086021507
0.3694322043010754
0.37004147849462377
0.3702152688172044
0.3705233333333334
0.37064075268817215
0.3711246236559141
0.3713064784946237
0.3714830913978495
0.37176986559139796
0.3721139516129033
0.3724416935483872
0.37272099462365604
0.37295325268817214
0.3731863172043012
0.3733446505376345
0.3737473387096775
0.373958306451613
0.37436422043010764
0.37461454301075275
0.3750718010752689
0.37519478494623665
0.3753057526881721
0.37566032258064525
0.3760705376344087
0.3761866666666667
0.376381559139785
0.3766001075268817
0.3768208064516129
0.3771049462365591
0.37756655913978493
0.37797180107526884
0.3781279838709678
0.37832126344086026
0.3785355107526882
0.37880271505376356
0.37916561827956996
0.37942465053763447
0.3798847311827957
0.380229247311828
0.38069827956989255
0.3807429032258065
0.3810848387096774
0.3815477419354838
0.38217879032258056
0.38252314516129027
0.38260110215053755
0.38285787634408597
0.3833925537634408
0.3834420161290322
0.38405572580645153
0.3841502419354838
0.38452249999999993
0.3845821774193548
0.38512830645161283
0.38516580645161286
0.38531096774193535
0.38555478494623646
0.38585962365591386
0.3860241397849461
0.3865179569892472
0.3867741397849461
0.3868378494623655
0.38684430107526874
0.38715913978494615
0.38748440860215044
0.38809763440860207
0.3881806989247311
0.3883981182795698
0.38888440860215046
0.389165376344086
0.3893869892473118
0.38971924731182794
0.3902740860215054
0.39052973118279566
0.39085392473118274
0.39113510752688174
0.3913740860215054
0.3917012365591398
0.3917780107526882
0.39247034946236564
0.39275529569892476
0.3928403763440861
0.3930989784946237
0.3933702150537635
0.39344892473118287
0.39401102150537637
0.3940413978494624
0.39418252688172045
0.39454784946236565
0.3948403225806452
0.394983870967742
0.39532365591397856
0.3953295698924732
0.39569354838709686
0.3960164516129033
0.39665774193548387
0.3967964516129033
0.39695354838709684
0.3971626881720431
0.39743876344086027
0.3978519892473119
0.3983476881720431
0.3988597849462366
0.39904462365591403
0.3993481720430108
0.39969365591397854
0.39995521505376347
0.4003705376344086
0.400495376344086
0.401073440860215
0.4014188709677419
0.4017578494623656
0.4017640322580645
0.4021679032258064
0.4023376612903226
0.4025718010752688
0.4025923655913978
0.40302059139784946
0.4031463978494624
0.4037005913978494
0.4037983333333333
0.40422870967741936
0.40447010752688173
0.40471083333333335
0.4050799193548387
0.4054984677419355
0.40553314516129035
0.40568669354838716
0.40568965053763445
0.40597610215053764
0.40638981182795697
0.40705029569892476
0.40717545698924734
0.40720045698924734
0.40776376344086024
0.40787693548387105
0.4079925268817205
0.4083734408602151
0.40855005376344095
0.40887505376344085
0.40911860215053764
0.40924118279569893
0.40957344086021513
0.41007698924731184
0.4104216129032259
0.4108226881720431
0.4112116666666667
0.4114377419354839
0.411798494623656
0.41259809139784953
0.4127122043010753
0.41292897849462373
0.41328354838709686
0.4138516935483872
0.4140065322580646
0.41453201612903234
0.4146555645161291
0.4146681989247313
0.4148020698924732
0.4151949731182796
0.4153710483870968
0.415864059139785
0.41589534946236567
0.41627922043010757
0.4163380913978495
0.4167284139784947
0.41685018817204306
0.41753043010752694
0.41766833333333336
0.41791860215053767
0.41851618279569897
0.41860650537634414
0.4189772043010753
0.4194091935483871
0.4194791935483871
0.4199766129032258
0.42025120967741936
0.42050147849462366
0.42078599462365596
0.42127685483870964
0.42172943548387093
0.4217850806451613
0.4221773387096774
0.42241228494623656
0.4227706182795699
0.4232855376344086
0.4232965053763441
0.4234139784946237
0.4236439784946237
0.42371575268817213
0.42379532258064523
0.42426564516129034
0.42449080645161297
0.42507387096774196
0.4254709677419355
0.42569086021505387
0.4260253763440861
0.4264589784946238
0.42658059139784954
0.42686688172043025
0.4270281720430109
0.42747051075268827
0.42751244623655926
0.42792803763440873
0.42824362903225816
0.42835034946236566
0.4284971236559141
0.428607123655914
0.428613306451613
0.4292365322580646
0.4294484677419355
0.42975427419354845
0.43013733870967746
0.430544435483871
0.4307382526881721
0.43147696236559147
0.43157642473118285
0.43184497311827963
0.4319871774193549
0.43244362903225814
0.43267104838709686
0.4331476612903226
0.43354416666666673
0.4335941666666667
0.43394336021505375
0.4344143279569893
0.43448502688172047
0.4349656720430108
0.43530303763440864
0.4354960483870968
0.43577750000000004
0.43633153225806454
0.4364815322580645
0.437010564516129
0.43702604838709674
0.4370359946236559
0.43734889784946235
0.43755911290322586
0.4376249731182796
0.43815077956989257
0.4384392204301076
0.43905817204301084
0.43942752688172054
0.43961543010752696
0.4399696236559141
0.44043736559139796
0.4406075268817205
0.4409836559139786
0.4412710752688173
0.44144903225806464
0.44165225806451625
0.4421810215053764
0.44244446236559143
0.44251220430107524
0.4427425806451613
0.44309806451612904
0.44315193548387094
0.4435170967741936
0.4435560752688173
0.443713494623656
0.44388284946236567
0.44422599462365603
0.44458244623655924
0.44490744623655926
0.44514185483870977
0.4452012634408603
0.4452149731182796
0.4455773387096775
0.445681370967742
0.446050994623656
0.44628123655913987
0.44658069892473123
0.44705327956989255
0.44722134408602154
0.44733553763440864
0.4478043548387097
0.44795145161290323
0.4481208064516129
0.44834956989247315
0.4485917741935484
0.44899016129032254
0.4495382258064516
0.4495482258064516
0.44966543010752685
0.4499759139784946
0.4501939247311828
0.4504509139784946
0.4509343817204301
0.4514182526881721
0.45181314516129034
0.4520338440860215
