0.13836421538734178
0.13856504074016435
0.13896406627779878
0.1391510525541788
0.13929478050276753
0.13961111324806322
0.13986064545661223
0.14008805063554366
0.14062621007774798
0.14080993875349423
0.14106195488252649
0.14124702922728455
0.14151741007988983
0.14165523140045436
0.14243753146765867
0.14268298467666404
0.14278331877618503
0.14292409341076165
0.1433428077084767
0.1434177325230541
0.14388435613696537
0.14407993115376644
0.14427408415154086
0.14448770719841586
0.14496548777637283
0.14503454890980935
0.1455602388039626
0.14589626030933892
0.14598421552645147
0.14611219246697565
0.1467592963816262
0.14709663047100793
0.1474618569705039
0.14772568635558453
0.14790876351120402
0.14808596235192983
0.14846136137746746
0.14867793773835455
0.14900825844262175
0.14921302154746047
0.14945716217246047
0.14961613308338984
0.15006634939723393
0.15040499607062102
0.1508647286185041
0.15093053215130683
0.15101457824765882
0.15138472693717495
0.15201082950773948
0.1520948756040915
0.15269997683057
0.15287914486542892
0.15316135042658482
0.15340647548958886
0.15370574464281467
0.15389213157157813
0.15418922474938057
0.15449899457464938
0.15467422453936713
0.15504306064487788
0.15562322277525426
0.15599599663278113
0.15660897336329185
0.15679400507929162
0.1570834298524771
0.15725406577317605
0.15788148092774593
0.15814531031282655
0.15853296478824863
0.15875347890115185
0.1590448725503454
0.15933626619953895
0.15964997377682388
0.15984152069409127
0.1603704920482579
0.16063727474735065
0.16085516369224315
0.16113868183740443
0.1614838914308184
0.1617713473279958
0.16217890466166518
0.16240991944661143
0.16260211788400553
0.16284724294700956
0.1631780141163644
0.16352453629378375
0.16430683636098808
0.16453391339391818
0.16470192414660634
0.16480486432663438
0.16519601436023654
0.16534171118483332
0.1658142414267688
0.16594193937161372
0.16622644195477906
0.16661759198838122
0.16717675277467153
0.16751408686405325
0.16783658932679932
0.1680374146796219
0.16825267845650363
0.16861101388997138
0.1687243783920276
0.168868762632619
0.16933210478651686
0.16967600179592546
0.16995951994108677
0.17006387036951418
0.1705196651653811
0.17071950608019967
0.17095926548684726
0.17110496231144404
0.17121050857197911
0.17134701730853824
0.17175391835020487
0.17201774773528553
0.1726806026580006
0.1730415632594791
0.17323441321699998
0.17350907142012498
0.1737253761022092
0.173841539786685
0.17431800778063664
0.17460251036380195
0.17475366303321022
0.1748875466017586
0.17505785437645618
0.17519305052900994
0.1759399108280691
0.17617519151103278
0.17629702577473685
0.17648987573225774
0.176657316404835
0.17683452987931364
0.17745538211385664
0.17784259439544267
0.17800535481210936
0.17837681608563088
0.17848366538641947
0.17874552589549203
0.17942938216229312
0.17966072509324071
0.17989305246219234
0.1801726328553375
0.18028795191777394
0.18053209254277394
0.18094358762845944
0.1811778838734191
0.1813205667811795
0.18170646647876013
0.1818107096990417
0.18205583476204573
0.1825027696158764
0.18259789155438333
0.18271208636285105
0.1829102865476629
0.18298195376160645
0.18337310379520858
0.18395589109359567
0.184112255924018
0.18421715066442632
0.18450657543761181
0.18515367935226235
0.18534400403304194
0.18574434215468172
0.18587334313978016
0.18606619309730105
0.18617955759935723
0.186630430205204
0.18685094431810723
0.18735202326215966
0.1874996889627645
0.18786852506827523
0.18798514717096523
0.18860862457351898
0.18870700411265973
0.18904072859602666
0.18941481503755891
0.1895618244461611
0.1896393553412455
0.1898836753887804
0.19009828287365943
0.19030351171358878
0.19058112323072587
0.1907780108315323
0.19090179965561666
0.19126111952708844
0.19149738464805618
0.19208017194644328
0.1921928849283727
0.19235837104056966
0.19248930129510597
0.19263893587171885
0.19281908802645675
0.1931748180156676
0.1933861440405332
0.19355358471311043
0.1937294951473356
0.1941508346130614
0.1943191735117509
0.1945830391630886
0.19492562358849183
0.19514219994937892
0.1953207113741101
0.19580636745609933
0.19600620837091787
0.19627854378390347
0.19649774531280134
0.19675468363185375
0.1970854548012086
0.19739297230103922
0.19756360822173816
0.1977922917862308
0.1978991410870194
0.19801136701947908
0.19828208747058795
0.19863123481601805
0.19886093701695892
0.1992173035744186
0.19942009780324924
0.19959079607646033
0.1996995999376292
0.20023250904381198
0.20042152114058617
0.20116181851961842
0.20129928926636473
0.20158871403955023
0.20189848386481907
0.2021845012004666
0.20227832009872
0.2028552007690829
0.20295814094911094
0.20334141547868084
0.20373256551228297
0.2038081418469871
0.20399715394376128
0.20432300292309594
0.20457797236614028
0.20471973143872094
0.20485459944527334
0.20509283344224916
0.20527786515824895
0.20549286680007967
0.20564206490910766
0.20582123262584154
0.20601024472261573
0.20616119188323404
0.20628302614693808
0.206676801348551
0.20680580233364942
0.20696626572830668
0.20713854237901233
0.2072448616834478
0.20750475331651233
0.20789175627180762
0.20811489555272158
0.208249763559274
0.20860153607271487
0.2089175406720092
0.20928900194553074
0.20961215592840357
0.20975883719100438
0.21000297781600438
0.21016390328731402
0.21035783757410836
0.2104904085586514
0.21109682236913527
0.21120806386359092
0.21130709492285843
0.21158175312598343
0.21171662113253584
0.211884631885224
0.21246249699359093
0.21269613694654793
0.2130531597960103
0.21321213070693967
0.21354782406631467
0.2136286125620329
0.21394459982351138
0.21406187344632813
0.21442283404780663
0.21462267496262516
0.21505484324639534
0.21521446567745148
0.21557736238805666
0.2157584989807986
0.2159461984935674
0.21611038156551085
0.21625509395210357
0.21664361881769498
0.2170137675072111
0.2171663553978361
0.21736718075065867
0.21750074237664443
0.2178813917382036
0.21814522112328422
0.21835826820473467
0.21868116387005726
0.2190342489675035
0.21919321987843288
0.21948166021361434
0.21963476744340288
0.2203593138143706
0.22049418182092304
0.22056259143423282
0.22073388364693444
0.2208913937275796
0.22117097412072476
0.2215657337603417
0.2218128276993538
0.2219769007000258
0.2220596437561243
0.22231362876116462
0.22249931199729114
0.22272604100140356
0.22288045127144562
0.2232007217687574
0.22333165202329372
0.22370672290283
0.2238546179716045
0.22454897491044856
0.22486924540776038
0.22496965808417166
0.22512732595484752
0.22527587254374876
0.22542058493034148
0.2256245107300173
0.22582927383485601
0.2260970409719528
0.22627490596655817
0.22666868116817107
0.2267996367136498
0.22734042132386484
0.22748896791276607
0.2276753548415295
0.2278486159302392
0.22801279900218263
0.22817949717086541
0.228532910414313
0.2289214352799044
0.2290315421813268
0.22923039865814132
0.2293313842777891
0.22944409725971854
0.22981621482524273
0.22994717037072143
0.23013545968735502
0.23029690752001633
0.23061550086200183
0.2308090023396495
0.2311295502420153
0.23122897848042256
0.23143636675327203
0.23179732735475053
0.2320826931702713
0.2323573513733963
0.23261339878321288
0.2327669711118419
0.2329383209051797
0.23311944350041894
0.2333931172655399
0.23370288709080872
0.23432898966137322
0.2344894530560305
0.23458848411529795
0.23477158958404795
0.23492516191267698
0.23508478434373317
0.23556912784171702
0.23575813993849123
0.23593274733246283
0.2361759035194588
0.2363185864272192
0.23646132993780386
0.23679230216219782
0.23697603083794405
0.2371336987086199
0.23724001801305536
0.2375373182902731
0.23768847095968137
0.23810718525739644
0.23817298879019919
0.23843189598525966
0.23859826600794112
0.23882862450088466
0.23897727463949353
0.23928153453869033
0.23957292818788387
0.23973437602054515
0.23984448292196758
0.23999149233056974
0.24015762996289347
0.24048729914703393
0.24071306359595862
0.24083945850055002
0.2412030442700393
0.24145844015972912
0.24172423842081783
0.24242778344769958
0.24256460267431912
0.24277855386719546
0.24292253981520937
0.24311548966399968
0.24331094570202763
0.2436784030535201
0.2438103177460604
0.24398492514003206
0.24426155221916512
0.24442989111785463
0.24457952569446753
0.24507305728048903
0.24526134659712256
0.24553305148623547
0.24567573439399587
0.24576368961110848
0.24590282351567835
0.24615496180473437
0.2463971335537263
0.24651245261616275
0.2466153927961908
0.24691663082542467
0.24708300084810614
0.24783117373117064
0.24802011456793097
0.24811784258694494
0.24831264710484613
0.24850940618312756
0.24869248333874702
0.24920242222483574
0.24938355881757768
0.24953927212787325
0.2497479729847281
0.25000662647505173
0.2502730810281431
0.25105275592733667
0.251155137479756
0.2512235470930658
0.25141379097007965
0.2516300956521639
0.2519195204253494
0.25265325488435475
0.2530024022297849
0.25316483450045024
0.2532957900459289
0.2534840793625625
0.25367571662734745
0.2538907182691782
0.25404317397883996
0.2542203728195658
0.25433308580149516
0.2544709071220597
0.2547137351630543
0.2551163703067035
0.25529618986168917
0.25556494143679
0.2557667512276166
0.2559032599641758
0.2560544126335841
0.2564412967691687
0.2566450754360034
0.2568014402664257
0.2569415170936791
0.25700927518686206
0.257155867215383
0.2575634245490524
0.25764030392401005
0.2577276076209959
0.2577960172343057
0.2580191565152196
0.25813827351370755
0.25847445789911555
0.2585837305175631
0.25892368977495556
0.2590772621035846
0.2592095206893169
0.2593294003926407
0.2596994638246402
0.2598028298150636
0.2599266186391479
0.2601402416860229
0.2602470909868116
0.2604899190278062
0.26106483082216103
0.26118992268649893
0.26133266619708356
0.2616043710861965
0.26200897510585375
0.2622806799949667
0.2625289091632621
0.2626038339778395
0.2627009104767267
0.26279147177434625
0.26319706023200756
0.26335325772864737
0.263768690566349
0.26394490496907075
0.26404198146795793
0.2643087641670507
0.2644664320377266
0.2645648115768673
0.2649022990025288
0.2650658305543455
0.26520168299890196
0.26529289581664833
0.26578413038066045
0.26590661616449124
0.2661450725308853
0.2663314072871386
0.2664838629968004
0.2665496665296031
0.26706944979573216
0.26738315737301704
0.26783796773088
0.26811459481001304
0.26819473178560443
0.2684638115067066
0.26871594979576263
0.26887838206642795
0.26924583941792046
0.26952049762104546
0.2696253923614538
0.2697954391145381
0.27003975916207296
0.27010751725525606
0.27035835250405854
0.270584773244986
0.2707098651093239
0.27092644147021094
0.2711075780629529
0.27136615711201206
0.27173925911554025
0.2718884572245682
0.27199986716624414
0.2721701749409417
0.27228288792287114
0.27243860123316677
0.2727396035317297
0.2728953168420253
0.27305578023668253
0.2732946705256611
0.2734438686346891
0.27351749040901296
0.27376115893642117
0.2738393413516323
0.27397913154820486
0.27414648600889036
0.2745113843623849
0.2747348517893003
0.2750774362147035
0.2751725581532104
0.2753507414319402
0.2756723245132574
0.27628923899578434
0.2764553766281081
0.2768286976607414
0.27703444520358417
0.27720970411768253
0.27737453870975276
0.2776528065188925
0.27784378749167477
0.27836849294782395
0.27857227161465864
0.2788439765037716
0.27916555958508876
0.2793121516136097
0.279482198366694
0.27977864002436975
0.27994477765669346
0.2801161274500312
0.28026011339804513
0.2804504380788247
0.28068079657176825
0.2812015642759013
0.2813247015798589
0.281510760362621
0.28166126151190246
0.28212886956381783
0.2823756353568286
0.2826965621461431
0.2829397183331391
0.28301659770809673
0.28336837022153766
0.2834810832034671
0.28359640226590355
0.2838426768738187
0.28395604137587493
0.28411566380693104
0.28427120501156816
0.28480542670175635
0.2849005486402632
0.2855673413149944
0.28565138741134644
0.2857777823159378
0.2860317673209781
0.2865607386751448
0.2867177550256939
0.28701289364311605
0.28714124310808775
0.28721291032203133
0.28731389594167905
0.2874735183727352
0.28758883743517166
0.2878735517305657
0.28798971541504154
0.28816199206574716
0.2883541905031413
0.2887213858786453
0.28882693213918037
0.2891754954069969
0.28938616513985976
0.2895093024438174
0.2896878138685485
0.28996640982368965
0.2901829861845768
0.29063188991441546
0.2907204966516548
0.29079086082534483
0.29092671326990127
0.29123287348915533
0.29136969271577484
0.2916576646118027
0.29181989312336587
0.2919695276999788
0.2923304883014573
0.292615854116978
0.2929059351821661
0.29355303909681674
0.2936963735247039
0.29395232740575233
0.2942447054929499
0.2945431017110059
0.2947235727861183
0.29534442502066127
0.29548450184791464
0.2956336999569426
0.29578224654584384
0.29619374163152934
0.2963396821399235
0.29676988154768563
0.2969693943165029
0.2973408555900243
0.2976322492392179
0.2977032649330347
0.297976282406153
0.29821669333292733
0.2982890120669977
0.2983854370457581
0.29846883162198334
0.29864734813671545
0.2988271676917012
0.2994079861140802
0.29955171406266895
0.29981259013373746
0.2999735156050472
0.30022565389410316
0.30034488207730026
0.30064327829535625
0.3007592488779195
0.3010467047750969
0.3013144719121937
0.30157731685927025
0.301656802314735
0.3023301579094931
0.3024845681795351
0.3026893312843738
0.30293740966138993
0.30306706216661516
0.3031996331511581
0.30357371959269036
0.30365059896764807
0.30373464506400005
0.3039059372767016
0.30398672577241986
0.3041547365251081
0.30455835610676135
0.30469452381325407
0.3050686102547863
0.30515656547189884
0.3054536586497013
0.30579755565910993
0.30612787636337707
0.306222998301884
0.30630183223722196
0.3064012604756292
0.3067792846691776
0.3071612466147421
0.30743097594722063
0.30765345893613194
0.3077524899953994
0.30787062255588327
0.3080308965070662
0.30813524693549366
0.30844797659633827
0.30863691743309857
0.3090083787066201
0.30924759714159994
0.309399401331135
0.30951851832962296
0.30971723196828466
0.3098794604798479
0.3099907019743035
0.31011572560081563
0.3106709486350898
0.3109318247061583
0.31112923530456643
0.3112739476911592
0.31146288852791953
0.311690293706851
0.3118336281347382
0.31199390208592104
0.31276176372906617
0.3129161739991083
0.3130673266685166
0.31317026684854465
0.3133650713664458
0.31352599683775545
0.31396308731154576
0.3141298764639962
0.31424997790048814
0.31435629720492364
0.3147156170763954
0.3148465726218742
0.3152098302453621
0.3153961650016154
0.3157111851629057
0.31582389814483514
0.31607603643389115
0.3161880978956938
0.31649425811494786
0.31678565176414136
0.3170022281250285
0.31719051744166216
0.3173017589361178
0.3176745327936446
0.318173642861689
0.31827853760209734
0.31836779585946334
0.31844597827467447
0.3186622829567587
0.3188473146727585
0.319563985539694
0.3198488162688607
0.3200073107875099
0.32026326466855826
0.3204482963845581
0.32068357706752176
0.3210425646573663
0.32118459604499994
0.3213220667917463
0.32144976473659115
0.32188291745836534
0.3219747817962385
0.32221454120288606
0.3225019971000635
0.3225827855957817
0.32292799518919574
0.3230628631957482
0.3232341554084498
0.3236172492429845
0.3237260531041534
0.32380619007974487
0.3239071756993926
0.3243078419670337
0.32442837319048423
0.32499639391881086
0.3251814682635689
0.325427577764577
0.32556179091068954
0.32599297475645567
0.326175423933203
0.3267450853915363
0.32686822269549387
0.326990056959198
0.3271542400311414
0.3272760742948455
0.32741224200133834
0.32761681932114084
0.3278885242102537
0.3280390253595352
0.3283356693447503
0.32844903384680657
0.328820495120328
0.32939836022869495
0.32949778846710226
0.32969259298500336
0.32997217337814855
0.3305615235965625
0.33066772137722433
0.33089054126057615
0.3310794820973365
0.33127144750812276
0.33140828439068326
0.3315737705028802
0.331677362203035
0.332022016350091
0.33216991141886554
0.3324665554040805
0.3326132366666813
0.3328673295161176
0.3329806940181738
