0.35234286637582807
0.253228759765625
0.26056315104166666
0.34354095976732923
0.378837890625
0.3364095052083334
0.3802633704960414
0.3573486328125
0.32562662760416666
0.32382856681208605
0.33419189453125
0.25894368489583336
0.2536831475197932
0.428546142578125
0.28482096354166664
0.2824951171875
0.29459928906123767
0.263743896484375
0.28079427083333336
0.41885199547584434
0.33134765625
0.3286376953124999
0.32952415576021965
0.439837646484375
0.27106119791666666
0.3309379544352884
0.428448486328125
0.3128092447916666
0.4437631281305542
0.367633056640625
0.32574055989583334
