0.21638709677419354
0.21655913978494626
0.21661290322580645
0.21695161290322582
0.21705913978494623
0.21736021505376346
0.21792473118279573
0.21801075268817205
0.21835483870967745
0.21888709677419357
0.21898387096774197
0.21905913978494626
0.21960752688172044
0.21968279569892477
0.219994623655914
0.22071505376344086
0.22101344086021504
0.22115322580645164
0.22169086021505377
0.22191666666666668
0.22208870967741934
0.22269086021505374
0.22274731182795698
0.2231774193548387
0.22371505376344086
0.22392473118279568
0.22418279569892471
0.22463440860215053
0.22480376344086023
0.22507258064516128
0.22550268817204303
0.22579301075268818
0.2259220430107527
0.2264059139784946
0.22659139784946236
0.22674193548387098
0.2268924731182796
0.2271935483870968
0.22725806451612907
0.228
0.2282903225806452
0.2283629032258065
0.22895430107526882
0.22936290322580644
0.2295887096774194
0.23005645161290325
0.23024193548387104
0.23045698924731187
0.23117741935483876
0.23122580645161298
0.23150537634408608
0.23203763440860223
0.2321881720430108
0.23260752688172046
0.23334946236559143
0.23365053763440866
0.23392473118279575
0.2344731182795699
0.23468817204301076
0.23490322580645162
0.2355483870967742
0.23583870967741938
0.23602150537634412
0.23652956989247312
0.23690591397849464
0.2370779569892473
0.23730376344086024
0.2376263440860215
0.23768279569892475
0.2381451612903226
0.23856451612903226
0.23883333333333331
0.2394247311827957
0.23954569892473118
0.23971774193548384
0.2404489247311828
0.2405564516129032
0.24070698924731182
0.24086827956989246
0.24115860215053764
0.2415241935483871
0.24202956989247315
0.24208602150537636
0.24247311827956988
0.2430215053763441
0.24333333333333335
0.24368817204301077
0.2442688172043011
0.24439784946236562
0.2447204301075269
0.24510752688172047
0.2454731182795699
0.2455268817204301
0.24598655913978498
0.24628763440860219
0.24664247311827958
0.24698655913978496
0.24729838709677418
0.24737096774193548
0.2481236559139785
0.24833870967741936
0.24843548387096775
0.248491935483871
0.24884677419354842
0.24895430107526884
0.24953494623655914
0.24964247311827956
0.24998655913978493
0.25011559139784945
0.2505349462365591
0.25082526881720424
0.25154569892473116
0.25174731182795695
0.2518333333333333
0.2519623655913978
0.252252688172043
0.2524892473118279
0.25311290322580643
0.25333870967741934
0.2535
0.2537338709677419
0.25381989247311826
0.25406720430107527
0.2546263440860215
0.25486021505376344
0.25523655913978494
0.25588172043010754
0.2563010752688172
0.25644086021505375
0.25693548387096776
0.2571693548387097
0.25744354838709677
0.2579516129032258
0.25808870967741937
0.25847580645161294
0.25908870967741937
0.2591962365591398
0.2595188172043011
0.2599462365591398
0.2603655913978495
0.26070967741935486
0.26127956989247314
0.2616129032258065
0.261989247311828
0.26251344086021505
0.2627930107526882
0.2632123655913979
0.2639435483870968
0.26410483870967744
0.2642876344086022
0.26447311827956993
0.26459139784946245
0.26492473118279575
0.26535215053763445
0.26559946236559145
0.26598655913978503
0.26605913978494633
0.2663817204301076
0.2665430107526882
0.2670752688172044
0.26729301075268824
0.2676155913978495
0.2682607526881721
0.2683897849462366
0.2686155913978495
0.26910752688172046
0.26942204301075273
0.2696639784946237
0.26994354838709683
0.27016935483870974
0.27057795698924736
0.2711908602150538
0.2715026881720431
0.271736559139785
0.2719516129032259
0.27204838709677426
0.27246774193548395
0.27300537634408606
0.2730591397849463
0.2732123655913979
0.2736236559139785
0.27390322580645166
0.2739435483870968
0.2745349462365591
0.27493279569892476
0.27499731182795695
0.27514784946236553
0.2752983870967741
0.2756317204301075
0.27614784946236554
0.27640591397849457
0.2765349462365591
0.2772876344086021
0.2774596774193548
0.27777419354838706
0.27846236559139786
0.27872849462365595
0.2789623655913978
0.2792204301075269
0.27938172043010756
0.279486559139785
0.28003494623655917
0.28031451612903224
0.2804650537634409
0.2806693548387097
0.2809489247311828
0.28117473118279573
0.2816801075268817
0.2818844086021506
0.28201344086021507
0.282231182795699
0.2823924731182796
0.28249731182795695
0.28302956989247313
0.2833521505376344
0.2835994623655914
0.2836962365591398
0.2839005376344086
0.28412634408602144
0.28461021505376344
0.2847069892473118
0.2847795698924731
0.28526344086021505
0.2855752688172043
0.28566129032258064
0.2862177419354838
0.28645430107526876
0.28662634408602145
0.2871102150537634
0.2874166666666666
0.2875994623655913
0.2879865591397849
0.2883629032258064
0.2884274193548387
0.2888145161290322
0.2891693548387096
0.28937365591397846
0.2901155913978494
0.2902231182795698
0.29035215053763436
0.2904274193548386
0.29068548387096765
0.29087903225806444
0.2912822580645161
0.2914650537634408
0.29166935483870965
0.29222849462365585
0.2923333333333333
0.2925376344086021
0.2930376344086021
0.29310215053763433
0.2932311827956988
0.29347849462365583
0.29358602150537627
0.29377956989247306
0.29431720430107516
0.2946182795698924
0.2947258064516128
0.2951989247311827
0.29529569892473106
0.29537634408602137
0.2960860215053762
0.29617204301075256
0.2962607526881719
0.2965833333333332
0.2966586021505375
0.29704569892473104
0.2975080645161289
0.2976693548387096
0.2978736559139784
0.2980564516129031
0.2982607526881719
0.2986586021505375
0.29933602150537625
0.2994758064516128
0.29953225806451605
0.2996505376344085
0.29981182795698913
0.3000860215053762
0.30064247311827946
0.3009112903225806
0.30109408602150534
0.301502688172043
0.3016962365591398
0.3018817204301075
0.30259139784946226
0.3029892473118279
0.30323924731182794
0.30352956989247315
0.3038413978494624
0.30397043010752683
0.3045188172043011
0.30490591397849465
0.304970430107527
0.3053575268817205
0.3055080645161291
0.30558870967741947
0.30629838709677426
0.30663172043010767
0.30689784946236576
0.3074462365591399
0.3076801075268818
0.30792741935483875
0.3086478494623657
0.30876075268817216
0.3090940860215054
0.30915860215053764
0.30951344086021504
0.309739247311828
0.31018010752688174
0.310255376344086
0.3104166666666666
0.31055645161290324
0.3107983870967742
0.31092741935483864
0.3114112903225806
0.31173387096774197
0.3120456989247311
0.312497311827957
0.3125779569892473
0.31290053763440856
0.3133844086021505
0.3137069892473118
0.31386827956989244
0.31399731182795704
0.31414784946236557
0.3144381720430107
0.31498655913978496
0.3150510752688172
0.31518817204301075
0.3153172043010753
0.31548655913978496
0.3155403225806452
0.3159516129032258
0.3161559139784947
0.31658602150537635
0.3170537634408602
0.31730107526881723
0.3173763440860215
0.318010752688172
0.318244623655914
0.31847043010752685
0.3185994623655914
0.3188252688172043
0.3190510752688172
0.3194301075268817
0.31957526881720427
0.3198440860215054
0.31998924731182793
0.32017473118279566
0.32031182795698915
0.32093548387096765
0.32099999999999995
0.32143010752688167
0.3219381720430107
0.3220672043010752
0.32212365591397846
0.3228118279569892
0.323029569892473
0.3233521505376343
0.32383602150537627
0.32398655913978486
0.32423387096774187
0.32493279569892464
0.3249811827956989
0.3250456989247311
0.3251209677419354
0.3254193548387096
0.3257204301075268
0.32622580645161287
0.326266129032258
0.32667473118279566
0.3270456989247312
0.32726075268817206
0.32741397849462367
0.3279704301075269
0.3280107526881721
0.328236559139785
0.328741935483871
0.3288870967741936
0.329252688172043
0.3296559139784947
0.3300645161290323
0.33012903225806456
0.33082795698924744
0.33117204301075276
0.3313091397849463
0.3317715053763442
0.3320510752688173
0.3321478494623657
0.3328790322580646
0.3331048387096775
0.3331612903225807
0.3336559139784947
0.33395430107526886
0.3341478494623656
0.33430913978494625
0.33466397849462365
0.3348682795698925
0.3354166666666667
0.3356102150537635
0.33584408602150545
0.3361559139784947
0.33626881720430113
0.3365107526881721
0.3370268817204302
0.3372930107526883
0.337475806451613
0.3376586021505378
0.3380456989247312
0.33845430107526886
0.33899462365591404
0.33932795698924734
0.33957795698924736
0.34006182795698925
0.34037365591397856
0.34067204301075266
0.3412634408602151
0.3413521505376344
0.34152150537634407
0.34186559139784944
0.342274193548387
0.3426935483870967
0.3432580645161289
0.34341129032258055
0.34364516129032247
0.34409677419354834
0.3443709677419355
0.34468279569892474
0.3452204301075269
0.34536559139784945
0.34553763440860213
0.34568279569892474
0.3457903225806452
0.34590860215053765
0.3465752688172043
0.3468494623655914
0.34709139784946236
0.34716397849462366
0.3473145161290322
0.3475833333333333
0.3483145161290323
0.348497311827957
0.34862634408602156
0.34894892473118283
0.34901344086021513
0.3490779569892474
0.34944086021505383
0.3497634408602151
0.3499086021505377
0.350510752688172
0.35086559139784945
0.35109139784946236
0.35145430107526876
0.35188440860215053
0.35204569892473114
0.3523037634408602
0.3524811827956989
0.35254569892473114
0.3532123655913978
0.353510752688172
0.3538252688172043
0.3540752688172043
0.3541639784946236
0.35435752688172034
0.35474462365591386
0.3548897849462364
0.3551155913978493
0.3558037634408601
0.3560940860215052
0.356271505376344
0.35699193548387087
0.35731451612903214
0.3576370967741934
0.35804032258064505
0.3581774193548386
0.3584032258064515
0.3590913978494623
0.3593494623655913
0.3595537634408601
0.3597553763440859
0.36003494623655896
0.3603037634408601
0.36064247311827946
0.3610188172043009
0.36120161290322567
0.36148118279569874
0.36173924731182777
0.3619166666666665
0.3624408602150537
0.36252150537634403
0.3628279569892473
0.3633548387096774
0.363752688172043
0.36394623655913977
0.36465591397849456
0.36485752688172046
0.3652876344086022
0.36552956989247315
0.36570698924731176
0.3659811827956989
0.3663602150537634
0.36677956989247307
0.3668602150537634
0.36696774193548387
0.3672338709677419
0.36731451612903215
0.3678548387096774
0.36795967741935476
0.3681290322580644
0.3685591397849461
0.36896774193548376
0.36932258064516127
0.3699032258064515
0.37020967741935484
0.3702956989247312
0.37036827956989243
0.3706908602150537
0.37075537634408595
0.371260752688172
0.3714623655913978
0.37172043010752676
0.3718252688172042
0.37201881720430097
0.3721720430107526
0.3727526881720429
0.3729865591397848
0.37331989247311814
0.3738790322580644
0.37400806451612895
0.37441666666666656
0.3749731182795698
0.37511021505376335
0.3754435483870967
0.37558064516129025
0.3758870967741934
0.37596774193548377
0.37632258064516116
0.37663440860215047
0.37678494623655906
0.37700268817204297
0.3772284946236559
0.37742204301075266
0.3778655913978494
0.3781989247311827
0.3782956989247311
0.378768817204301
0.37889784946236554
0.3792311827956989
0.3795860215053763
0.37972580645161286
0.3800591397849461
0.38081182795698915
0.38102150537634405
0.38106989247311823
0.381768817204301
0.3820913978494623
0.38213978494623646
0.3826344086021505
0.38306451612903214
0.38334408602150527
0.384032258064516
0.38422580645161275
0.38433333333333325
0.384510752688172
0.38479301075268807
0.38500268817204303
0.38541397849462355
0.38567204301075264
0.38586559139784943
0.38595161290322577
0.3861989247311827
0.38625268817204295
0.3866397849462365
0.3870483870967742
0.38733064516129034
0.38744892473118286
0.3878682795698925
0.3881586021505377
0.38864247311827965
0.3889327956989248
0.38915860215053766
0.38939247311827957
0.38960215053763436
0.3897634408602151
0.3902311827956989
0.3903279569892473
0.3904677419354839
0.39094086021505375
0.3910537634408602
0.3913225806451613
0.3916532258064516
0.3918225806451613
0.39216666666666666
0.39289784946236556
0.39304301075268816
0.3932768817204301
0.3936397849462366
0.3938655913978495
0.39403494623655916
0.3941236559139785
0.3944139784946237
0.39458333333333334
0.39518548387096775
0.3953145161290323
0.3955403225806452
0.3961424731182796
0.3963440860215054
0.396497311827957
0.39716397849462365
0.39735752688172044
0.39777688172043013
0.39821774193548387
0.3984865591397849
0.39865860215053767
0.3991182795698925
0.39920698924731185
0.39943279569892476
0.399508064516129
0.399741935483871
0.39979838709677423
0.40025
0.40057258064516127
0.40095967741935484
0.4013629032258064
0.4015241935483871
0.4017930107526882
0.40230913978494626
0.40263172043010753
0.4029435483870968
0.40320161290322587
0.4033064516129033
0.4036290322580646
0.40419354838709687
0.4044032258064517
0.40445161290322595
0.40460215053763454
0.40480376344086033
0.40508333333333346
0.40561021505376355
0.4058037634408603
0.4059650537634409
0.4063037634408603
0.4064220430107528
0.406470430107527
0.40694623655913986
0.40705913978494634
0.40729301075268826
0.40762365591397853
0.40771236559139784
0.40787365591397845
0.4086263440860215
0.40885215053763446
0.4088924731182796
0.40941666666666665
0.4096424731182796
0.40984408602150535
0.4102956989247312
0.4104569892473119
0.4108118279569893
0.41133870967741937
0.41143548387096773
0.4117795698924731
0.4121505376344086
0.41225806451612895
0.41247311827956984
0.41251344086021496
0.412782258064516
0.4129865591397849
0.41336559139784934
0.41355913978494613
0.4139354838709676
0.41420967741935466
0.41436021505376336
0.4146505376344084
0.4150618279569891
0.41513709677419336
0.41537903225806433
0.41584677419354826
0.41605107526881696
0.4162526881720428
0.4167365591397848
0.4169623655913977
0.4173494623655913
0.41790860215053754
0.41810215053763433
0.41836827956989237
0.41906720430107514
0.4191881720430106
0.4194569892473118
0.4199247311827956
0.4203118279569892
0.4205779569892472
0.42094892473118267
0.42137903225806445
0.4216693548387096
0.42198387096774176
0.42227419354838697
0.4225725806451612
0.4229677419354838
0.4231397849462365
0.4234623655913977
0.4238924731182795
0.42395698924731173
0.42406989247311816
0.424790322580645
0.4249354838709676
0.42524731182795683
0.4257069892473117
0.4258118279569891
0.42588709677419345
0.42622580645161284
0.42654838709677406
0.426782258064516
0.42683064516129016
0.4269838709677418
0.42706989247311816
0.42751344086021487
0.42780376344086
0.4279758064516127
0.42862096774193537
0.4289112903225806
0.4292016129032257
0.42954032258064506
0.42973387096774185
0.42983064516129027
0.43024999999999985
0.4304193548387096
0.4304838709677419
0.4309677419354839
0.43120430107526875
0.43151075268817196
0.4321989247311826
0.4323924731182794
0.4327473118279569
0.4332231182795698
0.43332795698924725
0.43344892473118274
0.43398924731182786
0.43415860215053753
0.4345887096774192
0.4351586021505375
0.4355134408602149
0.4359327956989246
0.4361989247311827
0.4366290322580644
0.43691935483870953
0.437282258064516
0.4373306451612902
0.4374999999999999
0.43790860215053756
0.4381827956989247
0.4384489247311828
0.43890053763440856
0.4389408602150537
0.4393602150537633
0.4394569892473117
0.4397580645161289
0.4398225806451613
0.4401451612903225
0.4404274193548386
0.44052419354838696
0.4407392473118279
0.44101344086021493
0.44109946236559133
0.44152956989247305
0.44171236559139776
0.44199462365591397
0.4425752688172043
0.44287634408602145
0.44325268817204294
0.44369623655913976
0.44374462365591394
0.4440591397849462
0.44413978494623657
0.4442768817204301
0.44436559139784954
0.4449677419354839
0.44519354838709674
0.44553763440860206
0.4459489247311827
0.4462499999999999
0.44661559139784945
0.4471424731182796
0.44740860215053757
0.44762365591397846
0.44827956989247303
0.4485537634408601
0.4488198924731182
0.4491908602150537
0.4493413978494623
0.44963172043010746
0.44970430107526876
0.44984139784946237
0.4499784946236559
0.450494623655914
0.45087096774193547
0.45110752688172046
0.45155107526881716
0.45179301075268813
