0.7329999999999994
0.6136666666666667
0.3906666666666667
0.5807499999999999
0.5473333333333333
0.521
0.27625
0.5163333333333334
0.5380000000000001
0.3824999999999998
0.663
0.3953333333333333
0.392
0.5823333333333333
0.40866666666666657
0.31099999999999994
0.35849999999999993
0.3443333333333333
0.4573333333333334
0.6714999999999997
0.401
0.5376666666666668
0.24725000000000008
0.3423333333333334
0.31199999999999994
0.5037499999999998
0.5413333333333334
0.31000000000000005
0.2737500000000001
0.6380000000000001
0.215
