0.196787374620277
0.19681050963588873
0.19658057844147828
0.19666793238798763
0.1963664172373612
0.19647733058699157
0.19630398381823774
0.19604728157894505
0.19593102016381514
0.19600139236546354
0.19593978293457565
0.19599662580100785
0.1959081874215854
0.1954828831634986
0.19511132003502507
0.1950472877537099
0.19495703422943408
0.19492138171874154
0.194508959168423
0.1943085224742164
0.19422640370351826
0.1944291720470469
0.1944224824595758
0.19441704052037007
0.19471189675260933
0.19472942970402246
0.19494803058928556
0.1950998373296949
0.19515895655146526
0.19525482641647207
0.19514354086649782
0.19500175439128709
0.19489317675005788
0.1948273204929986
0.19496242767710487
0.194960066826749
0.1952019528240932
0.19510416296585245
0.1949442622972418
0.19541214142690508
0.19570542841890362
0.19571769608231032
0.1955463896343739
0.1954533495000156
0.19528358555625613
0.1954792044154034
0.1956932953578674
0.19555264518473262
0.1952595751177928
0.1953966459366425
0.19507623849403827
0.19502720601958104
0.19532302127637965
0.19536786072385928
0.1953116382425233
0.19516866064284139
0.1952052254051482
0.1953165482755921
0.19530056868997714
0.19504806383823983
0.19527468122212738
0.19525485642792417
0.1950821579201232
0.1952386857532783
0.19539167731832435
0.19542105679019994
0.1947829291711934
0.19506924776916576
0.1950364044444119
0.19530384736180176
0.195410622576967
0.19554954359434323
0.1950823616870402
0.19507572406386697
0.19496488517605107
0.1954389604032361
0.19582564830266236
0.19602376230365687
0.19584341287999846
0.19566927648041252
0.19550521425824333
0.19581884551353962
0.19613844340115982
0.19617856389479743
0.1962593414120869
0.19654735409827073
0.1963783288119646
0.19675565604243614
0.19659788307076814
0.19652926819994673
0.19630561236518862
0.19586123959471954
0.19574111682217907
0.19571152274483655
0.19572394004576707
0.19579572002739035
0.19540011958979261
0.1946270251929492
0.1946279299500507
0.19450535245856465
0.1946916828047723
0.19452096990102644
0.19444577710701447
0.19443651189606062
0.19438499964907643
0.19442772684555032
0.19440603199565654
0.19455545628979826
0.1943654497881183
0.19459687406645365
0.1946823101940965
0.1951736642734737
0.19536663415187824
0.19537499211899365
0.19491805401550433
0.19477722002474998
0.19473038188521669
0.19487519245943286
0.1950864007532508
0.19528371942185838
0.19533483566744358
0.19507880817333872
0.19505036294560613
0.19525537531584208
0.1955517057826558
0.19531728963844325
0.19540606192225832
0.19589717229351034
0.195621718120464
0.19548269625321954
0.1956454548324003
0.19555271588305542
0.19552311980559148
0.1955688345424075
0.1954117654992919
0.1955886641502918
0.19584317563068593
0.19578879766823232
0.19576448544214842
0.19578975298941179
0.19558497163065203
0.1959270861802878
0.19576120855687673
0.19570080039344853
0.19594614732424914
0.19599512587481063
0.1961397844796983
0.1964049620031343
0.19629399667615968
0.19629758516046242
0.19627465871463398
0.195964733818532
0.19573604611769926
0.19577852830188128
0.19609889677507028
0.19620787450506488
0.19627073396887515
0.19644194992186684
0.19622954166637527
0.19647095059398312
0.19669967230238738
0.19684408322770897
0.1966069223845999
0.19627026067765202
0.1961323668606499
0.196410325161053
0.19628741779257697
0.19625576740830486
0.19625375753462052
0.19661086593250643
0.19654897031713803
0.1964248191125809
0.19664178117685965
0.19680338961278376
0.19658052559239084
0.1965810636421069
0.1965852284037328
0.19645515877228417
0.19664896070114735
0.19655207553929058
0.19663437913049223
0.19692504962758092
0.19687269832191087
0.1972104423986892
0.19729500399689084
0.19735755230431243
0.19724533663470856
0.1969762230421251
0.1967050172372839
0.19665027781701905
0.19688481234697267
0.19691092973920546
0.19684952410345818
0.19687700647625014
0.19678802511899504
0.196787450987766
0.19662541246883952
0.19650218563826902
0.19653865853949273
0.19632016779505518
0.19636079089268024
0.19668213476406457
0.19685145946075566
0.1970776526762317
0.1971617502720993
0.19719079442429854
0.1969834239207001
0.19673397809515725
0.19672142463807127
0.1966092363208068
0.19649798822560063
0.19722783653878567
0.1972942642820346
0.19751478948015927
0.19776496186757692
0.19770017198465162
0.1977116805081826
0.19763498477494065
0.1975847127742173
0.1977660800305829
0.19766385489294686
0.19776264863621415
0.19782727982480328
0.19780713565406846
0.19746132436010141
0.19774977825605491
0.19779477851655514
0.19794700144650526
0.19765504883402082
0.19767470884901678
0.19753288577367972
0.19754422522054785
0.19760079085478777
0.19774174425736918
0.19792836305931055
0.1981902304505047
0.19813561077150282
0.19859539685895822
0.19902455649007744
0.19900478684999873
0.19888187773666943
0.19905073942462137
0.1990206184043129
0.1988717225769002
0.19915167221983238
0.19889735099785538
0.19883470395278663
0.1989347118081118
0.19903431841038297
0.19892434529710695
0.1988874390408664
0.1988702113283983
0.19902383017473751
0.19951897986928177
0.19951352143956252
0.1993254535949656
0.19940250484446576
0.19949595047773833
0.1993401697354477
0.1991356120398844
0.1990011877019612
0.19924766760750431
0.19919150472968022
0.19918122380909947
0.1993986941843377
0.19946855168728078
0.19949063647993867
0.19975551534000308
0.19994992071838996
0.20002794625867412
0.19997787318333018
0.19952050474916982
0.19942409704416955
0.19930919521797102
0.19902874959925373
0.19892916113398795
0.19880471845851022
0.19872721587390904
0.1987102156503269
0.19856144458234143
0.1982450148817403
0.1982743134156574
0.19832310254425586
0.19843249794212758
0.1982835239753256
0.1983272240153372
0.19842032063637896
0.19847977152740975
0.19878498626030694
0.19848398725898694
0.1983844792870805
0.19871737180587468
0.19860403396262455
0.19879380344673878
0.19875757666516328
0.19843421091212818
0.19838792363033053
0.1985029397812122
0.19830063196286596
0.19848274829836296
0.19868139343291197
0.19882109630818168
0.19870468727152274
0.1988357130842296
0.1990037543245703
0.1991054628721835
0.19950467776938322
0.1996739483209126
0.19992116978186972
0.20004632671675487
0.19976778077046317
0.19980772149734924
0.19996355400710802
0.19975855284757643
0.19963798437569658
0.19975624639835637
0.19988664620701552
0.1999888218171117
0.20013761906523617
0.20031654680831643
0.20007053049632575
0.20020329405777684
0.20043465826470125
0.20049422944428588
0.20041990369790144
0.20029273916042997
0.2002433106418961
0.2000907608098536
0.19982142164689637
0.19983857170676175
0.19965278313983323
0.19955337778941706
0.19913431441450544
0.1991402065873071
0.1993765163785888
0.19955261815705636
0.1993465557007303
0.19897022229448658
0.1991330722980285
0.1991236313417414
0.19938447701468584
0.19941116428363911
0.19947582456969373
0.19948952001680917
0.1993437581871418
0.19928106889372768
0.19915086415901337
0.1991557016899576
0.19907005896426652
0.19919272734429253
0.19913599972758894
0.19952806001391313
0.19974963514694813
0.19975094878373734
0.19979785355725657
0.2000445392368777
0.20024104540434048
0.20054461914559585
0.20038916576242688
0.20030195750624252
0.20056991194362636
0.20111931906368932
0.20101909643260607
0.20147910694183432
0.2013229439508927
0.2012772607497702
0.20147209549624484
0.20140422309704442
0.2014173120133452
0.2017134581564878
0.20161872158213315
0.2017447634978397
0.2016044762821123
0.20154813838594945
0.2015088140743151
0.20173734470767316
0.20148843409836634
0.2015664056312117
0.20179615029199272
0.20195112029755838
0.20195457021987473
0.20219060114390403
0.20251536085719998
0.20229981732202082
0.20233615476078481
0.20211869082036749
0.20212652793551208
0.2021459869934335
0.20219614974882288
0.20225936989548102
0.20232766370633737
0.2024526356781152
0.20260385686588947
0.20273044815769994
0.20267813580170377
0.20263802665695238
0.20242339674886073
0.20240250806359739
0.20226395118397617
0.20260186634676408
0.20282541983524785
0.20271193210122423
0.20263296098492006
0.2025992953557961
0.20268586685656934
0.2028387363245821
0.2027196357829709
0.20252694018979917
0.2023910899260416
0.20262724751839029
0.20257010647950469
0.20228607722922026
0.20229212501064292
0.20229013031034238
0.20213481643370376
0.20272742233761434
0.20276594254520963
0.20300058182134806
0.20284446190130853
0.2026536818355083
0.20268506491002572
0.20307874960354919
0.20265573422922625
0.20291118218313872
0.20278397975734144
0.20270529699350878
0.20258210582485053
0.20267342682203066
0.2028085241999799
0.20306297784422048
0.20297053452804034
0.20278570391617273
0.2026952356106847
0.20291831685030612
0.20246387247480813
0.2026738783623835
0.20262111140093295
0.20276907549422024
0.20274453879860546
0.20312855169866767
0.20283796686376232
0.20316976049459667
0.20328853756305607
0.20326521615424958
0.20321641433167278
0.2036903617825702
0.20362852643103338
0.20357359610121042
0.20363387190565538
0.20373363237913308
0.20392877908450355
0.20411513564666023
0.20405406534729567
0.20386154131828946
0.2040720765848124
0.2040348583316885
0.20440431629593814
0.20442009246326867
0.204438938071217
0.2045841641677155
0.20448334688930137
0.2043113449713354
0.20446949192084946
0.204500898255907
0.20455601895539577
0.2046826458609168
0.20485728699564115
0.20488165539806538
0.2050452017928822
0.20505411403824556
0.20512762837054183
0.2056023564663268
0.2058837980930424
0.20606113082432004
0.2058529414015274
0.2060453436192448
0.20599162857270809
0.20585667505131577
0.20613892028876077
0.20613900917120076
0.20614981021821593
0.20574178909283128
0.2054715071219491
0.2053599843305819
0.20561819274788334
0.20551328349440437
0.20545433164686674
0.2051836278955023
0.20508531252255915
0.2054568897956469
0.20522200950372535
0.20515729142653097
0.20569534938190961
0.2062771066664988
0.2063640602256017
0.20624478559155893
0.2062018036207423
0.20617150047482222
0.2062306999734419
0.20636586612963345
0.20639272678494883
0.2063042461094371
0.20655650970863101
0.2066497814296518
0.206509658132615
0.2064082568557436
0.20623962579267904
0.20612984628646167
0.2060816560160712
0.20629216694431923
0.20635071547007017
0.20605826320319157
0.20600397165654818
0.20592360261910642
0.2057720413588715
0.20566597384279378
0.2056211755047356
0.20562061883912464
0.20588575179009305
0.20600825031483352
0.20592600178960316
0.20585429257341664
0.20590221947931472
0.2060240877323396
0.2058393656905151
0.20605913086250924
0.20604258896677025
0.20599389544226657
0.20584777535036516
0.20569748553531828
0.2057375326756388
0.20597853049349324
0.2057385712106165
0.20590588485356046
0.20590295867212774
0.20596188997181958
0.20598500930087532
0.2061067488020948
0.20634515109388127
0.2065196946521785
0.2065340724690449
0.20662294052577845
0.206659571801692
0.20647731791783727
0.20671939712532672
0.20675514570436399
0.20679030879236981
0.2068225180285691
0.2068543179281289
0.20674702318664434
0.20662413741516672
0.20670168159431052
0.20677691009702096
0.20685973009044298
0.20670898247410424
0.20709062267618566
0.2071794421958883
0.20710757188013262
0.20722226540254515
0.2069025535926095
0.20680552833326266
0.20682489025087344
0.20647213645281615
0.20642378146203302
0.20654495201393228
0.20660619353347462
0.20652306398264209
0.20657644599175776
0.20631703147643676
0.20624356810550779
0.206285871466354
0.20664217951701871
0.2065586562383415
0.2068136447952857
0.20707572981684724
0.20698179242250564
0.2068611366015078
0.20703851126754813
0.207040061416515
0.20702215793982146
0.20721040916926303
0.20745770836802985
0.20760653862278003
0.20758011148691605
0.2075054664323249
0.20741658549781253
0.20725408423932656
0.20729780878419263
0.20711868828300578
0.20713318552873883
0.2070955516859977
0.2070285229216916
0.20691554550285415
0.20696769691206202
0.20717718540864338
0.20736002142238533
0.20734060320372946
0.20756236762747657
0.20751008411224717
0.20744822869232554
0.2075332813519573
0.20765596278743764
0.207480639643526
0.20746952058586843
0.20736392411626317
0.2074226669171715
0.20751238188551596
0.2075211487002439
0.20760956845708478
0.20794240455460247
0.20769588788483084
0.20775299053197865
0.20771479928792433
0.20757461689640455
0.20744603963940747
0.20728651784753035
0.20748647034257353
0.2075559543921751
0.2077050852738797
0.20770295456954582
0.20747564286490264
0.20769082899502386
0.2077656835187015
0.2075931036684363
0.20763146016873824
0.2074698748347074
0.20739280243671832
0.20738813686625002
0.20727610668607516
0.20744031182532782
0.20762012170518582
0.20778670356401074
0.20767804205084628
0.20792477488980737
0.20772325888998353
0.20770899009363272
0.20748495994451008
0.2076779973711447
0.20759881334462757
0.2077021558671807
0.2078469119769471
0.20774196553873542
0.2078269539801097
0.20855308641775092
0.20849857987403833
0.20826300176330384
0.2080552649578261
0.20815522910409884
0.2082464436204955
0.20831344117785083
0.2081835308093238
0.20861351489975424
0.2086092351067907
0.20859254671165028
0.20861158041789132
0.2086815410651717
0.20857435393665294
0.20888171749826995
0.20916130729001084
0.20903837391159033
0.2092316295567023
0.20914043425145007
0.20892056533387587
0.20884908954378967
0.2085497985473792
0.20850581903517074
0.2085416684312546
0.2087518483676581
0.20878041788438165
0.20866168337361948
0.20894001715409422
0.2091757911397926
0.20908638270325133
0.20960768578184852
0.20956507385342554
0.2093883941421001
0.20967740593758968
0.2097632418050464
0.20971855655998642
0.20953811523748256
0.2095667508627898
0.2096327558605403
0.2093615871377876
0.2094783523464982
0.2096065405545837
0.21001870432320155
0.20984939884144435
0.21012371784807873
0.21003138037609131
0.20980886387359843
0.20982029263725763
0.209706277513052
0.20972726500455374
0.20973161321139983
0.2097328196881558
0.20968501245426815
0.20965983664818152
0.20951019352573116
0.2094570769745356
0.20963501662558298
0.20959287051343503
0.20951104385521555
0.20958515455852605
0.20933952964921856
0.20927716094182167
0.2092719025291069
0.20950783532147543
0.2095572428578903
0.20966289088929466
0.20965870149726196
0.2096594933711142
0.2096728531445021
0.2094876776945073
0.20954568402181792
0.2095728022927335
0.20971877835529745
0.20957809158169835
0.2096347576741041
0.20988540630718894
0.2099174426255776
0.20999532606364726
0.21004536390737147
0.2098640821750943
0.2099534928736887
0.21032563100512222
0.21031533067603583
0.2102333725197657
0.2103463359674164
0.2101447882136222
0.21025800902218753
0.2104609232550055
0.2103322320138875
0.21070660091177443
0.21066801008487882
0.21061471126573741
0.21065831695421658
0.2104129164818656
0.2105699122169167
0.210414585420175
0.21055382497496208
0.21023895959729638
0.21014271376270977
0.21016565854231692
0.21031557987111735
0.21026199905550913
0.21016171580877221
0.20995920096934395
0.20997810894405336
0.20965951487752713
0.20956892418619885
0.20957083561969275
0.20944603765267014
0.20949148802988346
0.20944348359149667
0.209179767135235
0.20900942565603484
0.20903537766276023
0.20918272071514565
0.20936143154145465
0.20945649887322682
0.20932427400283138
0.20930548069966656
0.20902297880549808
0.20908824642067456
0.20896779114252328
0.2091036730703569
0.20914105981588874
0.2092793001949174
0.20934608516434133
0.20941954914227517
0.209207501805718
0.20950451020748825
0.20947559644658695
0.20959244118097778
0.2097362754499204
0.20955464139498597
0.2093975958032424
0.20910757213732006
0.20898207286432033
0.2090385060960196
0.2091497059009743
0.2097052248931142
0.20971745019404325
0.20991919276412166
0.21014453651973616
0.21015053669179184
0.20978423888720388
0.2096502459356603
0.20957665903345923
0.20937852677546365
0.20944331936803898
0.20955494528549679
0.20949375498463027
0.20943649732649472
0.20946977038783846
0.20919841359470262
0.20932486601312744
0.2091127418193465
0.20895255701035256
0.20896485463343942
