0.18809498529844834
0.18839441206676152
0.18866617785977227
0.1888662510417705
0.18913005265257357
0.18942644094642438
0.18979288985877668
0.19009324249759557
0.19050876354094234
0.19075183952708322
0.19103373468837354
0.19122089709176734
0.19147763881029503
0.19176137505441465
0.19223732641530172
0.19259956337346706
0.19280638412953008
0.19300055628279789
0.19340516765292556
0.19358686928667743
0.1938649028783273
0.19429114878306522
0.1944870996669174
0.1947196452135824
0.1952228941215125
0.19541784757691463
0.1956894918246465
0.1960467834913132
0.19626136302139777
0.196466368009217
0.197105731353471
0.19767393584355838
0.1979309884361743
0.19828142158889608
0.19848009746382247
0.19861753561486412
0.19898087461856037
0.1996387149453413
0.19977272321280595
0.20010738173095108
0.2004437193065559
0.20054434913106248
0.20101241396221164
0.2016184802004509
0.20196734478903455
0.202194968387289
0.20236228367481787
0.20269628590096034
0.20346346342532193
0.2036601469924207
0.2039619599334489
0.20420426538302386
0.20462374150449564
0.20493207922185955
0.2054082473166176
0.20582335883375472
0.20602327056906555
0.20646502754151178
0.2066801791187127
0.20711697819885383
0.20773631308628662
0.20837053477647483
0.20869024401286593
0.20895224454939273
0.20922019886096874
0.20952441698092836
0.2100128231889257
0.21037414343842167
0.2105542895841589
0.21078480789733095
0.21120533776124226
0.21140821305526106
0.21185071925065754
0.21206619670578084
0.21233096642604296
0.21264993360619247
0.21293854562736186
0.21331046683031885
0.21363769664802718
0.21407766546103113
0.21438607361165282
0.21472873994229796
0.2149611141484207
0.21530679057546204
0.2157520841742524
0.2163875386433384
0.21689510962788142
0.21728847162804943
0.21758884125170536
0.21771151850101342
0.21796686649328492
0.21849176516179972
0.218768237776047
0.21895216159021522
0.21928434234353344
0.21967487178741787
0.22022830445710873
0.22079442561386275
0.22095861977793635
0.22130300622366889
0.22162862996358826
0.22182375817679392
0.2219657753775768
0.2224147746635311
0.22275970966437114
0.2231605024651104
0.22339445323795987
0.22364113896334628
0.2239081925010227
0.22432724547166283
0.2245550952695613
0.22487221168001156
0.2250589645085862
0.22520028255294103
0.2257276126520674
0.2261368361273698
0.2265170323849303
0.22697588812669775
0.2271886839494113
0.22741182430664417
0.22764814174060607
0.22796997836064975
0.22834134670322367
0.22869991858557417
0.22895914492496924
0.2291616010321601
0.22957740378228608
0.23009104153010193
0.23051058590594198
0.23075790070033883
0.23092396074475946
0.23105291920188165
0.23131260531088618
0.23155153233541984
0.232036584103733
0.232484294432194
0.23280408399872626
0.23315481222033246
0.23337740828208872
0.2337792242158085
0.23424235898143347
0.2345800267034177
0.23488954671769866
0.2351579633213613
0.23546807668912093
0.23593479060881176
0.23625506357378154
0.23657066720491393
0.23679491320067123
0.2371828531788298
0.23732314449465286
0.23766655613674798
0.23798613931257123
0.2381984782649399
0.23845171782727193
0.23876991706702327
0.23895796155868118
0.23952308777675915
0.23980013540780754
0.24005545645412277
0.24025762099943992
0.24052693283789758
0.24100796284881829
0.24152106821256156
0.24185502371071343
0.24210704882257944
0.2423778755592715
0.242528494910592
0.242939795051301
0.2434456292246881
0.2437139365951098
0.24406694172993842
0.24455505129395053
0.2447554937819886
0.24515242496058404
0.24531514148515415
0.24553149599309265
0.24586376088304562
0.24616405490186283
0.24630438856649414
0.24658685634719507
0.24690844504637183
0.24701057550904235
0.24736135607649865
0.24770056453584005
0.24779115555906545
0.24802085783876135
0.24830058272115382
0.24868525804037425
0.24889599676972757
0.24911238509885208
0.24925229508184102
0.2496974322206179
0.24992610601199056
0.2501269000684331
0.2504474399079828
0.2507188531675249
0.2508774813137156
0.2513089250511148
0.2516546589693356
0.2518025978284065
0.25219409070895094
0.2524884296916458
0.25277603469836624
0.2531960038263904
0.25356261056047136
0.25379998204812637
0.2541016910325014
0.2544309121714043
0.2546599759314849
0.2548619729139695
0.2554589665715636
0.255658341763762
0.255945857180357
0.2561829862441171
0.2564939660880771
0.2567647206663701
0.257182999711229
0.2574263050602713
0.25773359635941445
0.25790621044384626
0.2580172823768804
0.25844254594374866
0.25876467127977015
0.2590885897105497
0.2593611798434729
0.25964844195074777
0.26000145564362404
0.26032801710119186
0.2605960450784434
0.26087590368689434
0.2610498914200734
0.2614106630094551
0.2616260916468879
0.26181387013916607
0.26242836106658546
0.26263845906410727
0.26297191916680385
0.263322547106992
0.2635517479795979
0.2637892769089494
0.26398931507988477
0.26414839143120267
0.2643136311466317
0.2645720050650625
0.26480581722904095
0.265346645417045
0.2655954339560893
0.26588827963821293
0.26612946805653054
0.2663711363245497
0.2665134796807745
0.2666755568187113
0.2672483590280527
0.2675062488797798
0.2677455350440943
0.2680542990887431
0.2682726521633399
0.2687339853024108
0.2693221127175654
0.2695040772885524
0.2697854451848478
0.27000693733034514
0.27011601950462416
0.27044770872148405
0.2708354549622434
0.27121346970518695
0.27144322228310197
0.2716246500748006
0.2718850350556894
0.2721211243691554
0.27256631926162855
0.27293520758173107
0.2733415006344864
0.27369544048663697
0.2738068902036166
0.2741721374681916
0.2743095052910458
0.2745311768375982
0.2747120577433024
0.27512141751732794
0.27527100812237665
0.27566430556966326
0.27592346520968536
0.2761281006776593
0.27640812272907056
0.2768255785212413
0.27700731649352817
0.27725071233211185
0.2778856795700151
0.2780557570649747
0.2783072104892439
0.2785839692468044
0.27876252094362336
0.2791855058646584
0.27956069036146614
0.2797155650350546
0.28022461556428846
0.28053704678488656
0.2807333923351996
0.28108112741899494
0.2812769815113883
0.281714099286926
0.2820246173638329
0.28218126949834316
0.2824420024977551
0.28278057356630343
0.283159359793622
0.2833832916390101
0.283627497919462
0.283953260793286
0.2840441414497837
0.28425826942147386
0.28448177356383886
0.2846964699277702
0.28490688029097966
0.2852877543669206
0.2854749156939955
0.2857927761558151
0.2859948372886001
0.28642366845879497
0.2869007118895745
0.2871811174780322
0.2873845633435506
0.28750187472195876
0.28777887271108005
0.2879616585964829
0.2882468211468861
0.2886212226085796
0.28874211694862884
0.28907352445870943
0.2893226779956168
0.28975196016967586
0.28998577020399796
0.29031166801145764
0.2905095666169684
0.2906970673580726
0.2911610537282002
0.2913493532756213
0.29183069148126645
0.292050338502321
0.2923045889118472
0.29247778558557636
0.2926917669224565
0.29292562292674085
0.29307946396364815
0.293295689518613
0.2935819856165633
0.2938505620434575
0.2941197707462027
0.29431136605512753
0.29468530241580454
0.2948955164195008
0.29526394877417145
0.2955808211420302
0.2958882356928115
0.29606360507214735
0.2964271056811863
0.29665633425855303
0.2968060839933843
0.2970489177572452
0.29762851075119684
0.29796349741534334
0.29829457428551304
0.2984328905180718
0.298598646723969
0.2988266634620403
0.29903802404292257
0.29932329002494545
0.2997185605222572
0.2999049207040835
0.30012023932072496
0.3003250800745468
0.3005829971349886
0.3007197052448505
0.3009376804245397
0.30112946634382165
0.3012347961699305
0.30159165484138545
0.3017650276861569
0.3021521323358544
0.30239312959002285
0.30273551095868045
0.3029543212062863
0.3033653113671566
0.3037422454071852
0.30390676804327466
0.30427202236955153
0.3045274380911578
0.30466171884877147
0.3051509241579112
0.3053263631358846
0.30553866954482295
0.3059326778613552
0.306123399571374
0.306447461336327
0.30669875990552364
0.30712589495466674
0.3074219088995593
0.30763622123309586
0.3079718662893795
0.30810668670111413
0.3084058448622364
0.3086614461029262
0.30884195291391764
0.30905089932898816
0.3092828912312445
0.3095606501515655
0.3098657725106464
0.31022656825157385
0.310593936363133
0.31086130439121606
0.31113212039844057
0.3113365411253807
0.31161341904256207
0.3121077119273067
0.312294889644732
0.31260360462499076
0.31279810979382566
0.3129637977958219
0.313295269937539
0.3136835089485857
0.314093939266126
0.31438756224413333
0.3145767287918976
0.3147692303245987
0.3150860108199755
0.3153472034959771
0.3156648831099724
0.31596578553772775
0.3161732454513232
0.3163656088375799
0.3166155544682253
0.31721892885918634
0.31759603844419976
0.3179297319505842
0.31811358502595466
0.31831153241993926
0.31853447619798725
0.31880277325149864
0.31926077003829295
0.31967288886389783
0.319883046662747
0.3200126605491166
0.3202798605664471
0.32084420133425623
0.3209968764758967
0.32115382440868845
0.32145665234467635
0.32162417870843835
0.3218614297375042
0.3223572173929141
0.3225821503723748
0.3227428310675729
0.3230994813269395
0.3233312845810977
0.3236737787007214
0.32389795799710575
0.3240678443535825
0.32440162504179654
0.3246059044214451
0.32479924016051653
0.3249759411085435
0.32513028064793176
0.32541600062651044
0.32557250205627136
0.32572977824933497
0.3258729727225549
0.3264566473277296
0.3268152773838032
0.32700162522746706
0.3273524581670252
0.32784581491685716
0.3280987241280467
0.3282922894465228
0.3284551222755795
0.32865944928949337
0.3290099144430132
0.3292325619178515
0.3294174260129036
0.32952811011229427
0.3299469152408225
0.3302763152324219
0.3305035391393666
0.3307874441030343
0.331054274895205
0.331350157082915
0.3317242929826126
0.3319167770219983
0.33210267892456735
0.3322417161944505
0.33237578125003814
0.33307583427843196
0.33366666456657035
0.3339096356792216
0.33425020137667627
0.33444893286698946
0.3347590425202573
0.33502231701480795
0.33517869953400176
0.3353886930302021
0.33560938102568316
0.3358921949432738
0.3360190136046997
0.33629096203064895
0.33651178844972496
0.336669806439173
0.3369131139185588
0.337071523544899
0.3372273225463792
0.3377128799220513
0.3382947678378779
0.3386447607499242
0.3389489175197075
0.33917913321521825
0.3394343399734508
0.33956975357797287
0.3399491922908005
0.34016588861792096
0.34050835693214304
0.3406837909667075
0.34087156475175273
0.34109020524750744
0.3412921414105881
0.3415076896045092
0.34180756091877335
0.3420340623794815
0.3423097252869076
0.34266959276842646
0.3431047012403686
0.34335559098856244
0.34363072653732485
0.3438067477055395
0.343986891853515
0.3441648516850189
0.3443992941254961
0.3445813827377712
0.34480021697932356
0.3450538543333643
0.34533820728195297
0.34551309081458625
0.3457181730054791
0.34591128099754614
0.3461374966282306
0.3463666646074813
0.3465478580613623
0.34694294689704785
0.34729109197958313
0.3476176520644285
0.3477740602372273
0.34797431842250115
0.34833441849390573
0.3490916377059353
0.34934980517853237
0.34949488274851864
0.349815486300896
0.35010259740038835
0.35018086922044894
0.35071905176413176
0.35109200534066065
0.35145166288749363
0.35174249330689045
0.35201045985174934
0.3522379994392829
0.352429637365768
0.35267927270995303
0.35291099401146875
0.35312042156471096
0.35338903186250775
0.35356392283875854
0.3538757513207814
0.35416311244939364
0.3544282976549968
0.35464977418528726
0.35497694748312836
0.3551147239801261
0.35534831282106194
0.35589851233383074
0.3561845706440626
0.35645449275532776
0.3566621198571317
0.3570863533080726
0.3572532916342001
0.3574924540610996
0.3576923627668418
0.3579099848063343
0.358063432080765
0.3582018200700963
0.35872250586898746
0.35893647452565725
0.35932269554380236
0.3595073999442345
0.35966678764887694
0.35986622476035207
0.36061412620104427
0.36077538969728373
0.36095930540002635
0.3611973907501403
0.3613587383331961
0.3614785915929467
0.3616999656146892
0.3618961004878252
0.3621182535240393
0.3624340014344055
0.36269485285514647
0.3628466323032047
0.3632769324911667
0.36349043263156944
0.363694979362502
0.3640755836236747
0.3643001011485888
0.3646128741660619
0.3649624357892558
0.3653260019224883
0.36559785151086194
0.3658204736252793
0.3659754134590244
0.36613736044113127
0.3664150362486329
0.3666621106789437
0.366853122470155
0.3670144289260028
0.3672636924088657
0.3676191543334289
0.3679141012980618
0.368389948177262
0.3687814284569999
0.3690117681123588
0.36933275255036285
0.3695838443839902
0.3698381141374289
0.37006681725566937
0.37045358273366
0.3707434238490755
0.37094912055375184
0.3710171039751707
0.37132956780035553
0.37150918128766913
0.3718262808707924
0.3721768311060074
0.37253360771471045
0.3727057908044282
0.3728547947278824
0.3734009052789577
0.3735228191665652
0.373708909602771
0.37387033103563316
0.37400892161517335
0.37423510316321124
0.37443116692292533
0.37467506104464915
0.37504523362319414
0.37535579538289676
0.3755250254066382
0.3758546594412678
0.37613770909459393
0.37635577253082836
0.3766029775420605
0.3769503455486129
0.37726557362320967
0.37757264238686056
0.3777784344496515
0.37828571824081414
0.37847845387284074
0.37872821991786765
0.37889505134007867
0.3789621250846646
0.37936811729316594
0.37963110126914035
0.3798168197687937
0.38002333196492477
0.3802033458783152
0.3804472829215996
0.38087429905063186
0.3812108894299161
0.38140339909847476
0.3817614032357396
0.3819073335722758
0.3822215934258662
0.38288102197929363
0.38307186828439266
0.38334079325826664
0.3835526724410259
0.38373968675869224
0.3842445019468642
0.3847392867880941
0.3849458992287407
0.38526754148134484
0.3854805384934735
0.38572318319273424
0.38590795934182026
0.3862750550134433
0.38650622802005224
0.38676603043354346
0.3872262008594507
0.38739913046819574
0.387572800601601
0.3879090717867068
0.38808909293830773
0.38826345382963934
0.3885148596333608
0.3887384945722469
0.3893019643093101
0.38966655832707725
0.38981927119173304
0.3901519479442952
0.39036529538466813
0.39056074882993863
0.3908548989691684
0.3910320642311577
0.3914239960397935
0.3915741409460137
0.3918216737370217
0.39200115542181363
0.39213903665881583
0.3923399535105142
0.392538554085951
0.39272922650847225
0.3930052800934017
0.393163136801231
0.39351086999490537
0.3937963810586944
0.3940943124000503
0.3942904088579308
0.39465263164018893
0.3947664113641659
0.3950379640815912
0.3952207341513429
0.39546279839970483
0.3957865540700677
0.39610971697749375
0.3963426091991253
0.3966557690351048
0.3971568254027123
0.39756113921004593
0.39774163036826626
0.39793047719067226
0.3980822472568407
0.39833981805101765
0.3985932836413079
0.3990789701752461
0.39942087678226895
0.3997369117022538
0.3999322913015481
0.40009545111226846
0.4004861933260202
0.4007149355191803
0.40087401527469085
0.40106957247750646
0.40124240758199725
0.40189992291297844
0.4021682014974467
0.4023769316716893
0.402698130323403
0.40287432543120355
0.4032340149263312
0.4034540020892597
0.40379515847576836
0.40397549174623
0.40416564634055446
0.4043997766866029
0.404549099032375
0.4048510129111133
0.4050778527062232
0.40539323826464896
0.40560838453901055
0.40583714309705826
0.40596108616853266
0.4063920071299742
0.40686268662846214
0.4072404178532605
0.4074888433082821
0.40764541074517585
0.4078526695507962
0.4079887060737114
0.40813605445194756
0.40832264905071536
0.4086175241977248
0.40883424894741077
0.40918808064263923
0.40941931155309946
0.4100281714951357
0.4103312533636253
0.4105693026275282
0.4108206415258207
0.41101635651658014
0.4114153741787105
0.4116621689195749
0.41187393907858494
0.4121210734813233
0.4123840379522995
0.4125160092697138
0.41263506896980606
0.41283712616903834
0.41304608876494214
0.41330406387622176
0.41368894395854705
0.4139460443817241
0.4142443794220402
0.41447784487551115
