0.1793850806451613
0.17990927419354838
0.18037298387096776
0.18044354838709678
0.18065524193548388
0.1808366935483871
0.18108870967741936
0.1817641129032258
0.18228830645161292
0.1823991935483871
0.18265120967741935
0.18285282258064517
0.18300403225806453
0.1837600806451613
0.184304435483871
0.1844858870967742
0.18462197580645162
0.18474294354838708
0.18538810483870968
0.18579133064516126
0.18598286290322577
0.18642641129032256
0.18657762096774191
0.18665826612903225
0.18748487903225808
0.18774697580645164
0.18801915322580648
0.18818044354838712
0.1882661290322581
0.18838709677419357
0.18959677419354842
0.19026209677419356
0.19084677419354842
0.1912903225806452
0.19175403225806453
0.1919354838709678
0.19201108870967745
0.19281754032258067
0.19336189516129038
0.19392641129032265
0.19414818548387103
0.19420866935483877
0.19481350806451617
0.19596270161290325
0.1965070564516129
0.19654233870967744
0.19678427419354844
0.19734879032258063
0.1976461693548387
0.19885584677419355
0.1991381048387097
0.19962197580645163
0.1997429435483871
0.19994455645161288
0.20016129032258065
0.20129032258064516
0.20141129032258065
0.20185483870967744
0.2020161290322581
0.20258064516129035
0.20279233870967744
0.20348790322580645
0.20372983870967745
0.20387096774193555
0.2040120967741936
0.20455645161290328
0.20560483870967747
0.20685483870967747
0.20729838709677423
0.20758064516129035
0.20771169354838712
0.20781250000000004
0.20863911290322584
0.20986895161290323
0.21001008064516127
0.21045362903225812
0.21048387096774196
0.2109677419354839
0.211023185483871
0.21172883064516132
0.21209173387096775
0.21221270161290323
0.21235887096774192
0.21296370967741937
0.21342741935483872
0.2148387096774194
0.21520161290322584
0.21524193548387102
0.2156854838709678
0.2158870967741936
0.21606854838709677
0.21764112903225807
0.21771673387096774
0.21797883064516133
0.21828125000000007
0.21846270161290327
0.21949092741935486
0.22102318548387095
0.22138608870967744
0.22150705645161292
0.22180947580645163
0.22201108870967742
0.22259576612903226
0.22364415322580647
0.22404737903225805
0.22410282258064515
0.22424395161290328
0.22454637096774194
0.2246875
0.22587701612903227
0.22632056451612906
0.22636592741935488
0.2266683467741936
0.22673387096774197
0.22792338709677423
0.22831653225806456
0.22838709677419358
0.22853830645161297
0.22878024193548388
0.22890120967741936
0.2293145161290323
0.23052419354838713
0.23088709677419358
0.23112903225806458
0.23169354838709683
0.2318145161290323
0.23270161290322589
0.23326612903225816
0.23337701612903236
0.23369959677419364
0.23380040322580659
0.2338608870967743
0.2346471774193549
0.23525201612903235
0.23551411290322588
0.23575604838709682
0.23587701612903234
0.23607862903225812
0.23641129032258068
0.23676915322580652
0.2372530241935484
0.23743447580645163
0.23763608870967742
0.23773689516129035
0.2378881048387097
0.23846270161290323
0.23873487903225812
0.23879536290322587
0.23907762096774196
0.2395614919354839
0.24038810483870976
0.24190020161290332
0.2421421370967743
0.24272681451612912
0.24277721774193559
0.2429687500000001
0.24322076612903235
0.24351310483870972
0.2437953629032259
0.2438961693548388
0.24409778225806458
0.24416330645161297
0.2442489919354839
0.2446018145161291
0.24485383064516136
0.24490927419354847
0.24551411290322583
0.2461189516129033
0.24651209677419358
0.24756048387096777
0.24764112903225813
0.24782258064516136
0.2479687500000001
0.24822076612903235
0.24856350806451621
0.249077620967742
0.2491683467741936
0.249319556451613
0.2498034274193549
0.24998487903225808
0.25085181451612903
0.2520413306451613
0.25234375000000003
0.25241431451612906
0.252585685483871
0.2526159274193549
0.25267137096774195
0.2529435483870968
0.2531854838709678
0.25362903225806455
0.2537399193548387
0.25382056451612905
0.2541330645161291
0.25441028225806456
0.2545514112903226
0.2546320564516129
0.2551360887096774
0.2551764112903226
0.2554485887096774
0.2562247983870968
0.25640625
0.2565070564516129
0.25664818548387097
0.2568094758064516
0.25731350806451614
0.2578679435483871
0.25792842741935484
0.25801915322580643
0.25824092741935484
0.25831149193548386
0.25841733870967737
0.25986895161290324
0.2602721774193548
0.26039818548387095
0.2604586693548387
0.2605846774193548
0.2607157258064516
0.26125
0.2616733870967741
0.2622177419354838
0.26258064516129026
0.262641129032258
0.2629032258064516
0.26357862903225804
0.2636391129032258
0.2637247983870967
0.2638558467741935
0.2640675403225806
0.26421874999999995
0.2645967741935483
0.2651008064516129
0.2652419354838709
0.26528225806451605
0.26539314516129026
0.26579637096774184
0.26722782258064515
0.26729838709677417
0.2674395161290322
0.26764112903225806
0.2682056451612903
0.26881048387096773
0.27016129032258057
0.27062499999999995
0.2707157258064516
0.2707711693548387
0.2712752016129032
0.2717590725806451
0.27249495967741927
0.2726260080645161
0.27319052419354833
0.273336693548387
0.273578629032258
0.27363911290322573
0.27398689516129027
0.27409274193548383
0.2741834677419354
0.2743296370967741
0.274430443548387
0.2749647177419354
0.2764163306451612
0.27648689516129027
0.27657762096774186
0.2767792338709677
0.27700100806451605
0.277258064516129
0.2784274193548387
0.2789314516129032
0.27916330645161286
0.27962701612903224
0.279828629032258
0.2801814516129032
0.2814314516129032
0.2816129032258064
0.28187499999999993
0.2820262096774193
0.2821068548387096
0.28236391129032257
0.28353326612903224
0.2837752016129032
0.28384576612903223
0.28395665322580643
0.2841784274193548
0.28432963709677417
0.2846824596774193
0.28484374999999995
0.28503528225806446
0.28517641129032256
0.2854385080645161
0.28546875
0.28706149193548386
0.2872026209677419
0.2874445564516129
0.2876159274193548
0.2878981854838709
0.2880090725806451
0.28876512096774193
0.28900705645161284
0.2891381048387096
0.28927923387096766
0.28942036290322576
0.28953629032258055
0.290766129032258
0.2910887096774193
0.29165322580645153
0.29217741935483865
0.292328629032258
0.2924445564516128
0.29279233870967736
0.29291330645161284
0.29309475806451607
0.29341733870967734
0.2935181451612902
0.29428427419354836
0.29468749999999994
0.2949193548387096
0.2950504032258064
0.2952419354838709
0.29537298387096766
0.29544858870967733
0.29619455645161286
0.29642641129032254
0.29671875
0.2967943548387097
0.29708669354838707
0.29740927419354835
0.2979133064516129
0.29818548387096777
0.2983770161290323
0.29852822580645166
0.2986441532258065
0.29888104838709684
0.2994758064516129
0.29974798387096774
0.29985887096774194
0.29992943548387097
0.2999798387096774
0.3000554435483871
0.3014868951612903
0.30156754032258065
0.3017086693548387
0.3018145161290323
0.30194052419354844
0.3023840725806452
0.3027116935483871
0.30283770161290324
0.3029989919354839
0.30314012096774196
0.30328629032258064
0.30350302419354835
0.3043094758064516
0.3045715725806452
0.3047177419354839
0.3047479838709678
0.3048991935483871
0.30528225806451614
0.30590725806451613
0.3059677419354839
0.3060685483870968
0.3062197580645162
0.30627016129032264
0.3063054435483871
0.3066935483870968
0.30683467741935483
0.30701612903225806
0.3070614919354838
0.307172379032258
0.30735383064516125
0.3077116935483871
0.30778225806451615
0.30785282258064517
0.30798387096774194
0.3081854838709678
0.30826108870967744
0.30886592741935487
0.3089465725806452
0.3090272177419355
0.3091633064516129
0.3092237903225806
0.30941532258064514
0.3097278225806452
0.30997983870967744
0.31044354838709676
0.3105745967741935
0.31072580645161285
0.31099798387096766
0.3121673387096774
0.31226310483870967
0.31233870967741933
0.3127419354838709
0.31292338709677414
0.31305947580645155
0.3136038306451613
0.31368951612903223
0.31380040322580643
0.3139314516129032
0.31404737903225804
0.31435987903225804
0.31471270161290316
0.3147631048387096
0.3148437499999999
0.3149445564516128
0.3150756048387096
0.3153780241935483
0.3168901209677419
0.3169707661290322
0.31701108870967737
0.3171219758064516
0.31732358870967736
0.31760584677419357
0.3179082661290323
0.31797379032258066
0.31807459677419353
0.3181754032258064
0.3182560483870967
0.31834173387096765
0.31860383064516123
0.31867439516129026
0.31879536290322574
0.3189465725806451
0.3191481854838709
0.31953125
0.31990927419354837
0.32010080645161293
0.3202167338709678
0.3202721774193548
0.32052419354838707
0.3207711693548387
0.3221824596774193
0.3222530241935484
0.322414314516129
0.32254032258064513
0.3227318548387096
0.32329637096774194
0.32367943548387096
0.32395161290322577
0.3240877016129032
0.32418346774193546
0.3242489919354839
0.32451612903225807
0.32481854838709673
0.3253629032258064
0.3256451612903226
0.3257207661290322
0.32586189516129027
0.3266280241935484
0.32741431451612907
0.32749495967741943
0.3276864919354839
0.32791834677419357
0.328069556451613
0.32815020161290326
0.32948084677419365
0.32954133064516133
0.3296219758064517
0.3296824596774194
0.3297983870967742
0.3298689516129033
0.3306552419354839
0.33074596774193554
0.3308770161290323
0.3311995967741936
0.3312852822580646
0.3315826612903227
0.3318397177419356
0.331890120967742
0.33210181451612913
0.3321925403225808
0.3327368951612904
0.3329435483870968
0.3335786290322581
0.33377016129032266
0.33381552419354843
0.33435987903225817
0.3344858870967743
0.3346370967741936
0.33497983870967757
0.3350705645161291
0.33515120967741946
0.3352217741935484
0.33529737903225815
0.33540826612903235
0.3356703629032259
0.3357308467741937
0.33583669354838713
0.33590221774193557
0.3361743951612904
0.33635584677419367
0.33669858870967756
0.3367641129032259
0.3368548387096776
0.3369556451612905
0.337076612903226
0.337671370967742
0.33800403225806464
0.3381250000000001
0.3382207661290323
0.33870463709677423
0.3392691532258066
0.3394707661290323
0.3405997983870968
0.3406955645161291
0.34080645161290335
0.3409576612903227
0.34108870967741944
0.34116935483870975
0.34152721774193556
0.34158266129032266
0.34165826612903233
0.3418598790322581
0.341890120967742
0.34198588709677424
0.34234375000000006
0.3424848790322581
0.34272681451612913
0.3427772177419356
0.34301915322580656
0.34309979838709687
0.34384576612903234
0.34402721774193556
0.34415826612903233
0.3442741935483872
0.34436491935483876
0.34465725806451625
0.3454334677419356
0.3455443548387098
0.3456350806451614
0.34577620967741945
0.3459274193548388
0.3459879032258065
0.3462953629032259
0.3464062500000001
0.34644657258064526
0.3464919354838711
0.3465423387096776
0.34761088709677435
0.34786794354838724
0.34799395161290336
0.34807459677419367
0.348155241935484
0.3483266129032259
0.34850302419354856
0.3488306451612905
0.34895161290322596
0.3491834677419356
0.3492237903225808
0.34962701612903235
0.3496975806451614
0.35108870967741945
0.35116935483870976
0.3513004032258066
0.35137096774193566
0.35153225806451627
0.35204637096774205
0.35235887096774204
0.3524395161290324
0.35250000000000015
0.352615927419355
0.35281754032258084
0.35358366935483887
0.35435987903225824
0.3548840725806453
0.35509576612903243
0.3551260080645163
0.3552368951612905
0.35642641129032276
0.3567288306451614
0.3569606854838711
0.35705645161290334
0.3572076612903227
0.3573135080645162
0.35776713709677427
0.3590977822580646
0.35926915322580655
0.35936995967741947
0.3594203629032259
0.3594556451612904
0.3595211693548388
0.35978326612903233
0.35990927419354846
0.3600403225806452
0.360171370967742
0.3604536290322582
0.36058467741935496
0.3608921370967743
0.36111391129032266
0.3612147177419356
0.36127520161290333
0.3614566532258065
0.3615524193548388
0.3622782258064517
0.3625403225806452
0.3626058467741936
0.36274697580645165
0.36286794354838714
0.3631602822580645
0.36441028225806454
0.3645413306451613
0.3646370967741936
0.3646925403225807
0.3647580645161291
0.36535282258064516
0.36609879032258064
0.36616935483870966
0.3662802419354839
0.3663306451612904
0.36643145161290325
0.3667288306451613
0.36740423387096777
0.3674445564516129
0.36756048387096774
0.3676461693548387
0.3676814516129032
0.3681754032258065
0.36850806451612905
0.3685685483870968
0.3686491935483871
0.36873991935483874
0.36890120967741935
0.368976814516129
0.36924899193548383
0.36957157258064516
0.3695967741935484
0.36965725806451616
0.3697832661290323
0.3700403225806452
0.3707560483870968
0.370866935483871
0.3711391129032258
0.3712147177419355
0.37151713709677414
0.37154737903225804
0.3719354838709677
0.372116935483871
0.372202620967742
0.37238407258064515
0.37242439516129033
0.3726915322580645
0.3730594758064516
0.373195564516129
0.3732610887096774
0.37331149193548385
0.3733669354838709
0.37352822580645156
0.374758064516129
0.3751008064516128
0.3751814516129031
0.3752923387096773
0.37535282258064506
0.3754233870967741
0.3756955645161289
0.3758064516129031
0.37605846774193535
0.37618447580645153
0.37670866935483865
0.3768497983870967
0.37724798387096764
0.3773941532258064
0.37751512096774187
0.37758568548387095
0.37771673387096777
0.377827620967742
0.3781199596774194
0.3782308467741936
0.37832157258064525
0.37840221774193555
0.3784828629032259
0.3786542338709678
0.3789264112903227
0.3789667338709678
0.37918850806451615
0.37941028225806456
0.3794808467741936
0.3797177419354839
0.3800504032258065
0.3801814516129033
0.38028225806451615
0.38043346774193554
0.3805493951612904
0.3810332661290323
0.38140625
0.3819707661290323
0.3820967741935484
0.38220766129032263
0.38230342741935486
0.3828881048387097
0.38317036290322587
0.3832510080645162
0.3833316532258065
0.38361391129032263
0.3838760080645162
0.38409778225806457
0.3846824596774194
0.3847933467741936
0.384914314516129
0.38517641129032254
0.38525201612903226
0.3853629032258064
0.3857157258064516
0.386320564516129
0.38638104838709675
0.3865070564516129
0.3866179435483871
0.386789314516129
0.3871572580645161
0.38731854838709673
0.3873840725806451
0.38755544354838706
0.3877973790322581
0.3880846774193548
0.38836693548387097
0.3884375
0.3885030241935484
0.38860383064516124
0.3886693548387096
0.38887096774193547
0.390241935483871
0.3903225806451613
0.39046875
0.3905040322580645
0.39064516129032256
0.39068548387096774
0.39102318548387094
0.3911542338709677
0.39128528225806447
0.3913356854838709
0.3919203629032258
0.3920665322580645
0.3926814516129032
0.39282258064516123
0.3931149193548386
0.39329637096774184
0.39333669354838696
0.39373991935483865
0.39482862903225796
0.39497479838709665
0.3952570564516128
0.39541834677419346
0.3954889112903225
0.3955695564516128
0.3963256048387096
0.3963860887096774
0.39647681451612893
0.39658770161290313
0.39663306451612895
0.39682459677419346
0.39799395161290313
0.39804939516129023
0.3981149193548386
0.39818548387096764
0.3982913306451612
0.398876008064516
0.39921370967741926
0.39949596774193535
0.3996874999999999
0.39980342741935476
0.3999294354838709
0.4000655241935483
0.400367943548387
0.4005594758064515
0.40081149193548377
0.4008568548387096
0.400992943548387
0.40151713709677417
0.4017993951612903
0.40192540322580644
0.40202116935483867
0.40214213709677415
0.40222278225806446
0.40249999999999997
0.40372983870967744
0.40384072580645164
0.4039818548387097
0.40450604838709675
0.4046219758064516
0.40518649193548384
0.4057913306451613
0.4059727822580645
0.40602318548387095
0.40614415322580644
0.4062802419354839
0.4064818548387097
0.406804435483871
0.4069052419354839
0.40732862903225814
0.40763104838709685
0.4077016129032259
0.40774697580645164
0.408125
0.4083568548387097
0.40838709677419355
0.40846774193548385
0.4085584677419355
0.408679435483871
0.40893649193548387
0.40920866935483874
0.40931955645161294
0.40951108870967745
0.4096723790322581
0.409773185483871
0.41013104838709674
