0.21824354838709673
0.21854419354838703
0.21871475806451607
0.21891879032258058
0.2195110483870967
0.2198977419354838
0.2202974731182795
0.2205100537634408
0.22076569892473114
0.22091112903225799
0.22143790322580637
0.22172459677419348
0.2217815860215053
0.2219473924731182
0.2222127150537634
0.2225143279569892
0.22280680107526876
0.22318196236559135
0.22319889784946234
0.22322174731182792
0.2235036827956989
0.22396739247311825
0.22434938172043012
0.224555188172043
0.2247261559139785
0.22496513440860216
0.2249957795698925
0.22547602150537635
0.2259913440860215
0.22629360215053762
0.22656416666666668
0.22681577956989246
0.2271177956989247
0.22732827956989246
0.2277936021505376
0.22795771505376342
0.2283743817204301
0.22877502688172044
0.22878268817204303
0.22891978494623658
0.2295088978494624
0.22961938172043014
0.22984518817204305
0.2303730107526882
0.23092018817204304
0.23126185483870973
0.23177072580645164
0.23195701612903227
0.232312123655914
0.23283994623655918
0.23288026881720433
0.23308551075268819
0.2335930376344086
0.2341781182795699
0.23453645161290324
0.23458040322580648
0.23487758064516132
0.23534290322580648
0.23583
0.23642879032258066
0.23669895161290325
0.2370850806451613
0.23732620967741938
0.23780564516129032
0.238225
0.23855483870967742
0.2386068548387097
0.23889919354838712
0.2391475806451613
0.2392701612903226
0.23956827956989252
0.23960967741935488
0.23964798387096775
0.24001088709677423
0.24022782258064518
0.2402979838709678
0.24077002688172047
0.24133978494623662
0.24172688172043014
0.24220333333333338
0.24255212365591403
0.2430654301075269
0.24360010752688174
0.24416018817204307
0.24459849462365596
0.24507067204301078
0.24560091397849465
0.24600387096774198
0.24646475806451618
0.246486935483871
0.24654862903225808
0.2465643548387097
0.2469213440860215
0.24704553763440862
0.2477854569892473
0.2481480376344086
0.24843029569892472
0.2485133602150537
0.24876981182795696
0.24922424731182793
0.24979400537634408
0.24991779569892472
0.2500448924731183
0.25029327956989245
0.25069892473118277
0.2510034946236559
0.2515962365591398
0.2520801075268817
0.2524223655913978
0.253000188172043
0.25340583333333333
0.25366551075268823
0.25421188172043013
0.2542656451612903
0.25464951612903225
0.254896559139785
0.25512263440860217
0.25556134408602155
0.2561194086021506
0.25661456989247317
0.25696069892473117
0.2575611021505376
0.2579598924731183
0.2583086021505376
0.2590747311827957
0.25912086021505376
0.25962610215053766
0.25992287634408606
0.26015486559139783
0.26027744623655913
0.26070244623655914
0.2607247043010753
0.2609747043010753
0.2613814784946237
0.26170793010752685
0.2622567204301075
0.2626067204301076
0.2628512365591398
0.2630789784946237
0.26325424731182795
0.26359497311827956
0.2641683602150538
0.264882876344086
0.2650557795698925
0.2655055107526882
0.26566067204301075
0.2658387365591398
0.266075188172043
0.26661744623655914
0.26711663978494626
0.2672138172043011
0.267531559139785
0.2680029301075269
0.26827389784946243
0.2687327688172043
0.2689763172043011
0.26933223118279576
0.26958384408602154
0.26966569892473125
0.27000440860215064
0.27046666666666674
0.27074516129032267
0.2709379032258065
0.2711524193548388
0.27131693548387104
0.2716486559139786
0.2722857526881721
0.2724297043010753
0.2729513172043011
0.2734799462365592
0.27356284946236564
0.27403284946236567
0.27449091397849473
0.2748812365591398
0.27493220430107534
0.27517059139784955
0.2751922043010754
0.27528413978494626
0.2758006720430108
0.27622849462365595
0.27661478494623665
0.27686155913978505
0.2769926075268818
0.2774561559139786
0.2777916397849463
0.2779354569892474
0.27818384408602154
0.27834029569892477
0.27845126344086024
0.27860610215053766
0.27906997311827964
0.2792890053763442
0.2794915860215054
0.27949830645161294
0.27957314516129034
0.27975024193548387
0.28053935483870973
0.2807237634408603
0.28112537634408613
0.2814024731182797
0.28166900537634415
0.2822431989247313
0.2830065053763442
0.28340553763440873
0.2838914247311829
0.2843240053763442
0.28471486559139797
0.28479443548387107
0.28542830645161293
0.28554443548387104
0.28572131720430116
0.2863257526881721
0.2868705107526882
0.2872554569892473
0.28770868279569894
0.2881035752688172
0.28840357526881716
0.2885400268817204
0.2887642204301076
0.289102123655914
0.28960051075268817
0.2898029301075269
0.28993099462365596
0.29004325268817205
0.29019486559139784
0.2905056182795699
0.29080642473118284
0.2912119086021505
0.29176481182795694
0.29205862903225804
0.2921933064516129
0.2922580913978495
0.29260620967741935
0.2927536290322581
0.2930350806451613
0.29351774193548386
0.29375741935483873
0.2939532258064516
0.2945532258064516
0.2950165322580645
0.2954342741935484
0.2954633064516129
0.2956310483870968
0.2957068548387097
0.296174059139785
0.29621196236559144
0.29660034946236563
0.29708099462365595
0.2975232526881721
0.29781518817204305
0.29818965053763447
0.2983735215053763
0.29860771505376343
0.2989628225806451
0.2993079838709677
0.29931991935483865
0.29974223118279564
0.29974948924731176
0.30027142473118273
0.3007040860215054
0.30095758064516126
0.3011359677419354
0.3014901612903225
0.30158112903225803
0.30182790322580644
0.3020016935483871
0.3020162096774193
0.30212975806451614
0.3026539516129032
0.30301491935483865
0.3032887903225806
0.30344725806451606
0.3037656451612903
0.3039175806451612
0.30441080645161284
0.3046388709677419
0.305049623655914
0.30507220430107523
0.30528284946236556
0.3053002688172043
0.30592897849462364
0.3060600268817204
0.3064183602150537
0.3067490053763441
0.30697642473118275
0.30701416666666664
0.30765577956989243
0.3078738440860215
0.3082722311827957
0.308519005376344
0.30855900537634406
0.3086219086021505
0.3089696505376343
0.3094196505376343
0.30974008064516123
0.31007040322580637
0.3103162096774193
0.3106358333333333
0.3110580107526882
0.3115455107526882
0.311814059139785
0.31194752688172045
0.31240155913978496
0.31253220430107526
0.3130035752688172
0.3133906720430108
0.3138363709677419
0.31399067204301073
0.31401836021505375
0.31412577956989246
0.31486690860215055
0.314949811827957
0.31504940860215064
0.31511258064516134
0.3155770967741936
0.31564940860215057
0.31604747311827963
0.31622231182795707
0.31646693548387106
0.3167150000000001
0.31690274193548396
0.31731822580645164
0.3177744086021506
0.3181927956989248
0.318229247311828
0.31853795698924736
0.31865892473118285
0.31866247311827967
0.31903612903225814
0.31908881720430116
0.31936301075268825
0.31984172043010756
0.3203043010752689
0.32056881720430114
0.3209892473118281
0.3210620967741937
0.3211045698924732
0.32111505376344096
0.3212510752688173
0.32147634408602166
0.32190510752688184
0.32218870967741947
0.3227165322580646
0.32290631720430124
0.32297755376344095
0.3230072311827958
0.3233975537634409
0.32374970430107536
0.3241435215053764
0.3244970698924731
0.32471029569892473
0.325110564516129
0.3254092204301075
0.3257134139784946
0.32605244623655916
0.32625341397849467
0.32658190860215053
0.3269241129032258
0.32730072580645164
0.32734561827956987
0.3274649731182796
0.3276687365591398
0.32799413978494624
0.3284618817204301
0.3288223655913979
0.32912688172043014
0.32939381720430105
0.3294233870967742
0.32947231182795694
0.3298752688172043
0.3302747311827957
0.33041061827956997
0.33064072580645165
0.3307097580645162
0.3307365322580646
0.33078760752688174
0.33122067204301076
0.33124938172043017
0.3316826075268817
0.33176728494623653
0.33197534946236557
0.33254389784946237
0.33311486559139786
0.333399811827957
0.33354174731182795
0.33407965053763433
0.33420061827956987
0.33447051075268813
0.33494430107526874
0.33523172043010746
0.3355879032258064
0.335633064516129
0.33601048387096777
0.33628521505376346
0.33661231182795703
0.3367959139784946
0.33731462365591397
0.3376331720430108
0.33768290322580646
0.33777430107526885
0.3381288709677419
0.3381592473118279
0.33883505376344086
0.33933908602150537
0.33937107526881716
0.3394603225806452
0.3398366666666666
0.3402866666666667
0.34054069892473116
0.3407920430107527
0.34099553763440865
0.3412355913978495
0.34161301075268824
0.3419573655913979
0.3424073655913979
0.34272591397849467
0.3429213978494624
0.34320172043010755
0.3437997849462366
0.3443098655913979
0.34492115591397854
0.3451061021505377
0.34517900537634416
0.34548411290322584
0.3459343817204302
0.34619276881720434
0.3465645430107528
0.34691655913978503
0.3472949462365592
0.34761849462365596
0.34802145161290327
0.34802596774193556
0.3484024193548388
0.3487405913978495
0.348793494623656
0.34903811827957
0.3493351612903227
0.34962924731182804
0.349965
0.3499886559139786
0.3502737365591399
0.35055962365591403
0.35084645161290334
0.35107193548387106
0.3516215322580646
0.3519644354838711
0.3523134677419356
0.3523334677419356
0.3528131451612904
0.3530741666666668
0.3531139516129033
0.35316879032258075
0.353294059139785
0.3533134139784947
0.353819059139785
0.3540959408602152
0.3545580376344087
0.35476803763440873
0.3549054569892474
0.3550742741935485
0.3554968548387098
0.35572991935483883
0.3558215860215055
0.3559465860215055
0.35631405913978503
0.35638147849462376
0.3566873924731183
0.35690110215053766
0.3572989516129033
0.35768895161290326
0.3578521774193549
0.3582545967741936
0.3590211290322581
0.3590420967741935
0.35923790322580645
0.3592895161290322
0.3595008064516129
0.359875
0.3603131720430107
0.3604551075268817
0.36047849462365594
0.36054811827956995
0.3608422043010753
0.36118145161290327
0.36158602150537633
0.3619266666666667
0.362040376344086
0.3622747849462366
0.3625535483870968
0.362607311827957
0.3631371505376344
0.36315543010752693
0.3636980107526882
0.3640170967741935
0.3641179032258065
0.36435526881720437
0.3649181720430108
0.36524478494623663
0.3656966666666667
0.36579787634408606
0.36593040322580656
0.36615970430107536
0.3665845430107528
0.3669084139784947
0.36718153225806455
0.3673183602150538
0.3675758870967743
0.3677468548387098
0.36807750000000006
0.36843529569892475
0.3688414784946237
0.36895733870967745
0.36921405913978494
0.3693314784946237
0.3698153494623656
0.3699608333333334
0.37017276881720435
0.37045954301075273
0.3708724462365592
0.37114556451612907
0.3714248655913979
0.3716571236559141
0.3718901881720431
0.37208018817204314
0.37256341397849474
0.3727392204301076
0.3731451344086022
0.37335373655913984
0.3736585752688172
0.373740564516129
0.3738515322580645
0.3742061021505376
0.37461631720430105
0.3747130913978494
0.37500543010752685
0.37522397849462363
0.3754446774193548
0.37572881720430107
0.3761904301075269
0.376514623655914
0.37667080645161294
0.3768640860215054
0.37707833333333335
0.3773989784946236
0.37770139784946233
0.378025188172043
0.3783319086021506
0.37876255376344087
0.3791534139784946
0.37919803763440857
0.37948298387096774
0.3798533064516129
0.38035814516129035
0.38070250000000005
0.38078045698924734
0.38099443548387096
0.3815291129032258
0.38160330645161294
0.3822170161290323
0.3823115322580645
0.38277685483870977
0.3828365322580645
0.38329163978494624
0.38331663978494623
0.38353438172043014
0.38377819892473125
0.3841440053763441
0.3843085215053764
0.3848023387096775
0.38505852150537645
0.3851094892473118
0.3851175537634409
0.38543239247311833
0.3858227150537635
0.38633373655913983
0.3864168010752689
0.3865979838709677
0.3869221774193549
0.3871563172043012
0.387377930107527
0.38771018817204317
0.388154059139785
0.38846083333333337
0.38878502688172045
0.38912244623655917
0.38940922043010756
0.3898018010752689
0.38987857526881725
0.39034013440860216
0.39068206989247317
0.3907501344086022
0.3910087365591399
0.3913342204301076
0.391412930107527
0.39178766129032266
0.39183322580645163
0.39200258064516136
0.3923679032258065
0.39266037634408607
0.39280392473118286
0.3932116666666667
0.39321876344086026
0.3935827419354839
0.3938518279569893
0.3943862365591398
0.39455268817204303
0.39468360215053766
0.39493456989247316
0.39521064516129034
0.39555500000000005
0.39605069892473116
0.3963920967741935
0.39657693548387096
0.3968298924731183
0.39711779569892475
0.39737935483870973
0.39787774193548386
0.3980025806451613
0.39848430107526883
0.3988297311827957
0.39933819892473116
0.39934438172043013
0.39968094086021505
0.3997941129032258
0.40002825268817205
0.4000447043010753
0.4003872849462366
0.40053825268817206
0.4010000806451613
0.4010978225806452
0.40152819892473124
0.4017695967741936
0.40196217741935486
0.40233126344086034
0.4029590860215055
0.40299376344086035
0.40312172043010763
0.4031246774193549
0.40336338709677433
0.40363919354838723
0.4040795161290323
0.40418381720430113
0.4042088172043012
0.4047721236559141
0.40494188172043016
0.4050574731182796
0.40551456989247314
0.405691182795699
0.406016182795699
0.40625973118279574
0.4063823118279571
0.40671456989247323
0.40713419354838715
0.4076511290322581
0.4080522043010753
0.40844118279569896
0.4086672580645162
0.4091001612903226
0.40973983870967745
0.40981591397849465
0.4099965591397849
0.41035112903225796
0.41072989247311814
0.41088473118279567
0.4113226344086021
0.4114461827956989
0.4114613440860215
0.41155059139784944
0.4118780107526882
0.4120893010752689
0.4128288172043011
0.41285489247311835
0.4132387634408603
0.41327801075268816
0.4136032795698925
0.4137250537634408
0.41426924731182796
0.4144071505376344
0.4147074731182795
0.41510586021505375
0.4152413440860214
0.41561204301075266
0.41604403225806447
0.4161023655913978
0.41659978494623645
0.4167828494623655
0.41708317204301076
0.417367688172043
0.41795672043010745
0.41852244623655904
0.41860591397849456
0.41899817204301076
0.4192331182795699
0.41959145161290323
0.42000338709677415
0.42001252688172036
0.42012999999999995
0.42032166666666665
0.4204293279569893
0.4205088978494624
0.4209008333333333
0.4210884677419355
0.4214771774193548
0.4218080913978494
0.4220719623655914
0.4223507258064516
0.4228710483870968
0.4230230645161291
0.4233093548387097
0.4234706451612903
0.42376553763440866
0.4238074731182796
0.424223064516129
0.42453865591397855
0.42464537634408606
0.4248655376344086
0.4249572043010753
0.4249633870967742
0.42548274193548397
0.4256946774193549
0.4259495161290323
0.42633258064516133
0.42673967741935487
0.42697225806451616
0.42746473118279565
0.4276139247311828
0.42788247311827954
0.4280531182795698
0.4285095698924731
0.42873698924731185
0.4291182795698925
0.4295147849462367
0.4295647849462366
0.4299139784946237
0.43030645161290326
0.4304125
0.43098927419354843
0.4313266397849463
0.4315196505376344
0.43185739247311833
0.43222674731182803
0.432326747311828
0.43276760752688176
0.43278051075268825
0.4327904569892474
0.4331815860215054
0.4333918010752688
0.4334576612903226
0.4339834677419355
0.4342719086021506
0.4347670698924731
0.4351364247311828
0.43536190860215057
0.4357161021505377
0.4361838440860215
0.43629728494623654
0.43661072580645166
0.4368502419354839
0.4370637903225807
0.43730766129032267
0.4378364247311828
0.43809986559139785
0.4381676075268817
0.4383979838709678
0.43869422043010764
0.4387391129032259
0.4391042741935484
0.4391510483870969
0.4392822311827958
0.43945158602150547
0.43972610215053765
0.4401538440860216
0.4406413440860216
0.44087575268817214
0.4409470430107529
0.440963494623656
0.4413983333333335
0.44146768817204307
0.44183731182795705
0.44199080645161304
0.44235016129032273
0.4426652150537635
0.4428332795698926
0.4429760215053764
0.44367924731182795
0.4438018279569893
0.44391473118279573
0.444143494623656
0.4444341397849463
0.4448325268817204
0.445289247311828
0.44529924731182796
0.4454164516129032
0.44572693548387105
0.44598854838709684
0.4462455376344086
0.446632311827957
0.447116182795699
0.4475110752688173
0.4477317741935484
