0.13836421538734178
0.13856504074016435
0.13896406627779878
0.1391510525541788
0.13929478050276753
0.13961111324806322
0.13986064545661223
0.14008805063554366
0.14062621007774798
0.14080993875349423
0.14106195488252649
0.14124702922728455
0.14151741007988983
0.14165523140045436
0.14243753146765867
0.14268298467666404
0.14278331877618503
0.14292409341076165
0.1433428077084767
0.1434177325230541
0.14388435613696537
0.14407993115376644
0.14427408415154086
0.14448770719841586
0.14496548777637283
0.14503454890980935
0.1455602388039626
0.14589626030933892
0.14598421552645147
0.14611219246697565
0.1467592963816262
0.14701229694866247
0.14749926561465712
0.14776309499973778
0.1481319311052485
0.14836819622621625
0.14855453098246954
0.14871696325313485
0.14938244334386067
0.14965546081697897
0.14989960144197897
0.15005857235290834
0.15050878866675244
0.15084743534013953
0.15146041207065028
0.151526215603453
0.15169553894014656
0.1520656876296627
0.1523764627301271
0.15254578606682062
0.15315088729329912
0.1535118478947776
0.15365192472203096
0.15397875813936965
0.15417682025790463
0.15436320718666804
0.15496174549311967
0.1552715153183885
0.1555051552713455
0.15587399137685623
0.15616196327288406
0.15644154366602925
0.15705452039653997
0.15742729425406685
0.1578131939516475
0.15798382987234644
0.15861124502691631
0.1589630175403572
0.1597440050235561
0.1600380238407604
0.16018266130890108
0.16037551126642197
0.16068921884370693
0.16107511854128756
0.16160408989545424
0.16195980016091122
0.16206795250195333
0.1623514706471146
0.16252282044045244
0.16281027633762984
0.16335368611585566
0.1635847009008019
0.16377689933819606
0.16410373275553475
0.1644345039248896
0.16478102610230896
0.16556332616951325
0.16567603915144266
0.16584404990413085
0.16605143817698031
0.16644258821058247
0.16658828503517925
0.16690101469602392
0.1671582811610777
0.16753761793863145
0.16783098046383307
0.1683901412501234
0.1687274753395051
0.1693772044221664
0.16964497155926317
0.16986023533614492
0.17021857076961264
0.17038986298231426
0.17053424722290564
0.17099758937680348
0.17116828765001454
0.17154631184356292
0.17168544574813283
0.17214124054399976
0.17240769509709114
0.17289072601106967
0.1729871509898301
0.17319978959870108
0.1732675476918841
0.17367444873355076
0.17384905612752238
0.17417807379153605
0.17444879424264492
0.1748373191082363
0.1752035300457363
0.17553036346307502
0.17568524837570945
0.17616171636966105
0.17644621895282636
0.17675073844207367
0.17685115111848496
0.17707822815141505
0.17717962526583036
0.1775503402179567
0.17786404779524165
0.17810950100424702
0.17840089465344058
0.17873822874282227
0.17900599587991906
0.1794716350558263
0.17985884733741234
0.17993963583313055
0.1802182317882717
0.180379679620933
0.18055298397465108
0.18123684024145217
0.18154529748271558
0.18185506730798442
0.1820647526028433
0.18218007166527977
0.18236317713402977
0.18277467221971527
0.18300896846467493
0.183224560387558
0.18361046008513865
0.18382047352599884
0.18414730694333756
0.18474322008177843
0.1849348573465634
0.18501043368126752
0.18515908381987636
0.18523075103381995
0.18542490403159437
0.1860076913299815
0.1862439564509492
0.18640245096959843
0.1865939978868658
0.18691519730935832
0.1870096677277385
0.18730992131896834
0.18743892230406678
0.18782744716965816
0.18805583678659363
0.1885067093924404
0.18872722350534363
0.18922830244939606
0.1893759681500009
0.1895590453056204
0.18973525970834218
0.1902028677602575
0.19035151789886637
0.1906852423822333
0.1909658072133825
0.19111281662198465
0.19126901411862443
0.19176123312064056
0.19204737643381262
0.19246084039550618
0.19273845191264327
0.1928861176132481
0.19300990643733243
0.19324771128359974
0.19340407611402208
0.19384116658781242
0.19406824362074251
0.1943182908737667
0.19444922112830298
0.19456144706076267
0.19468067524395968
0.1952181783941613
0.1953766729128105
0.19571400700219224
0.19588991743641737
0.19620592203571172
0.19637426093440122
0.19690585745657865
0.19724844188198187
0.19753721036316468
0.19767109393171306
0.1981567500137023
0.19835659092852084
0.19862892634150645
0.19873773020267532
0.19899466852172773
0.19915885159367117
0.1994663690935018
0.1996370050142007
0.2000977220000878
0.2002045713008764
0.2003167972333361
0.20049596526819505
0.2007578257772676
0.20093010242797327
0.2014052578379195
0.20167565014302702
0.2020195471524356
0.20212835101360452
0.2025280328432416
0.2027170449400158
0.2030845022915083
0.2032219730382546
0.20341351995552195
0.20364584732447358
0.20407801560824373
0.20417183450649715
0.20494100873364768
0.20504394891367572
0.2052341927906896
0.2055275553158912
0.2056798150605149
0.20586882715728907
0.20619467613662376
0.2064496455796681
0.2065559648841036
0.20673578889284014
0.2070534342221412
0.20742620807966808
0.20785936080144227
0.20808479710436567
0.20820337376743592
0.2083923858642101
0.20850559623467382
0.20868968614142785
0.20908346134304076
0.20934335297610526
0.20944955075676713
0.20967925295770798
0.20978557226214348
0.20991457324724191
0.2103015762025372
0.21046893066322267
0.21055818892058878
0.21073279631456038
0.21104880091385475
0.21142026218737622
0.21174341617024905
0.21189009743284987
0.21213423805784987
0.21237739424484584
0.2125057437098175
0.21263831469436054
0.2132447285048444
0.21335596999930007
0.21355548276811728
0.21383014097124228
0.2139650089777947
0.21413301973048285
0.21471088483884979
0.21488611480356754
0.21515388194066432
0.2153940848136482
0.21561625317687325
0.2157790135935399
0.21625646602549556
0.21643366486622134
0.21670438531733022
0.21697083987042162
0.21725685720606916
0.2174164796371253
0.21796481160537126
0.2181459481981132
0.2182867228326898
0.21853480120970592
0.2186305746683396
0.21901909953393098
0.2193892482234471
0.2195418361140721
0.2197426614668947
0.21994447125772132
0.22013341209448165
0.22039724147956227
0.22071915270688083
0.22087942665806373
0.22123251175550998
0.2215527822528218
0.22174367764996245
0.22205213489122588
0.22277668126219363
0.22295650527093017
0.2230943265914947
0.2232656188041963
0.22334380121940745
0.2235288329354072
0.22379009250623788
0.22403718644525
0.22420125944592204
0.22432628307243413
0.22466492974582122
0.22485061298194775
0.22519319740735097
0.22534760767739304
0.2255878105503769
0.2257187408049132
0.22596696997320867
0.22619043740012398
0.22671120510425705
0.22695140797724092
0.2270178630301704
0.22725609702714622
0.2274805488920656
0.22762526127865831
0.2279333903739204
0.22808696270254944
0.22821987280840844
0.22839773780301384
0.22865834585371775
0.22885621789252825
0.22926180635018953
0.22941035293909076
0.22950286879709064
0.22961753633940038
0.22978171941134384
0.22994841758002663
0.23018231330553338
0.23037516326305427
0.23048527016447667
0.23061687723008215
0.2308203277509155
0.23093304073284493
0.23117931534076008
0.23137718737957058
0.23156547669620414
0.23167232599699275
0.23199091933897825
0.23228329742617584
0.23276764092415972
0.23283344445696244
0.23293638463699048
0.23320710508809936
0.23363828893386548
0.23391294713699048
0.23416899454680706
0.2342706316865816
0.2344419814799194
0.2346231040751586
0.2348042266703978
0.2349579854203131
0.23558408799087768
0.235798039183754
0.2358970702430215
0.2360801757117715
0.23618181285154602
0.23634143528260215
0.2365818462093765
0.2366756651076299
0.2368502725016015
0.23717448075092945
0.23731716365868988
0.23745990716927454
0.23796000167532294
0.2381437303510692
0.23830139822174504
0.2384077175261805
0.23870501780339826
0.23885617047280655
0.23917020619609283
0.23930277718063586
0.23956168437569636
0.23967179127711874
0.23982424698678054
0.24002244717159232
0.24032670707078915
0.24047134453892982
0.24068660831581154
0.240852978338493
0.2409259485926901
0.2411769802837183
0.24150664946785874
0.24161871092966142
0.24180969190244367
0.24199016297755613
0.24237606267513676
0.24255197310936188
0.24290118789730514
0.24303800712392468
0.24314420490458652
0.2432881908526004
0.24354545731765417
0.24393923251926708
0.24430668987075957
0.24439399356774538
0.24456860096171698
0.24484522804085004
0.24495663798252595
0.24505566904179343
0.24530064060945517
0.2454889299260887
0.2457606348152016
0.24590331772296198
0.24599127294007453
0.24606033407351108
0.24644131158107158
0.24668348333006349
0.2468577288567772
0.24706511712962664
0.2474667678352718
0.24757687473669424
0.2481380043989926
0.24832694523575297
0.24842467325476691
0.24871902021797257
0.248915779296254
0.24928461540176475
0.24979455428785347
0.2499756908805954
0.25013140419089097
0.2502879298335321
0.2506787517211329
0.25081101030686515
0.25139576648126033
0.2514635245744433
0.2515319341877531
0.251722178064767
0.2519384827468512
0.25213002966411857
0.25286376412312395
0.253212911468554
0.2533204122894694
0.2535182843282799
0.25389762110583364
0.2540413490544223
0.254366213595753
0.2545965720886965
0.2547737709294223
0.25488648391135177
0.25497769672909815
0.2552205247700928
0.2554869965019375
0.2556668160569232
0.25584468105152863
0.2559782426775144
0.2560460007706974
0.2562743903876329
0.2566612745232175
0.25679613918945676
0.25711115935074713
0.25725123617800044
0.2573189942711835
0.2574655862997044
0.25773531563218294
0.25785147931665875
0.2579387830136446
0.2580766043342091
0.2581873627557583
0.2583064797542462
0.2588144497643268
0.2588867684983972
0.2592267277557897
0.25930295561062056
0.2595027965254391
0.2596226762287629
0.26018183701505326
0.26025024662836305
0.26037403545244736
0.2605154153199542
0.2606222646207428
0.26074279584419335
0.26112328359822107
0.2612483754625589
0.2613428458809391
0.26161455077005197
0.26188232554215024
0.262062145097136
0.26231037426543147
0.2623852990800088
0.2625808740968099
0.2626714353944295
0.2629756267376755
0.2630531576327599
0.2633280991262525
0.2634447212289425
0.2636402962457436
0.2639960065112006
0.2641536743818764
0.26435187456668824
0.26468936199234977
0.26485289354416647
0.2649887459887229
0.26512656730928746
0.2654516758525406
0.2655741616363714
0.26581261800276546
0.26599895275901875
0.2662293112519623
0.26629511478476503
0.2665531167549619
0.2667088300652575
0.2670098323638205
0.26728645944295354
0.267366596418545
0.26756840620937156
0.26794938371693205
0.26811181598759737
0.26866703902187156
0.2688488131372376
0.26895370787764594
0.2691237546307302
0.2693680746782651
0.2694704562306845
0.2698494648622369
0.26999931449139164
0.2701244063557295
0.27026774078361665
0.2703576505611095
0.27048600002608114
0.2708591020296094
0.27100830013863736
0.27111971008031327
0.2712324230622427
0.27145950009517283
0.2716152134054684
0.27191621570403146
0.27207192901432703
0.2722323924089843
0.27241156012571816
0.2725607582347461
0.27263438000907
0.2728780485364781
0.272996181096962
0.27308869695496185
0.27331183623587585
0.273492958831115
0.27379091540033546
0.2740176444044479
0.27411276634295484
0.2742306914858984
0.2744718787968863
0.27493456465878147
0.27510070229110517
0.2754740233237385
0.2756101910302313
0.2757854499443297
0.2761175336976899
0.27639580150682963
0.2765867824796119
0.2772863897544775
0.2774901684213122
0.2776699879762979
0.277829610407354
0.2781249418085637
0.27829498856164797
0.27874290785348266
0.2789090454858064
0.27908039527914424
0.27922438122715815
0.27936712473774283
0.2796742693950009
0.28019503709913396
0.2803810958818961
0.28050423318585366
0.28065473433513516
0.2809642063953461
0.28108669217917687
0.2812990877405005
0.2815422439274965
0.28161912330245414
0.2818829526875348
0.2820532604622324
0.2821685795246689
0.2825406970901931
0.2827119893028947
0.2829531766138826
0.2831087178185197
0.2833738865101109
0.2835176144586996
0.28401770896474804
0.2841017550611
0.2842927360338823
0.28454672103892265
0.2848092836500068
0.28512561639530243
0.28557156681112905
0.28569991627610075
0.28577158349004433
0.28587256910969205
0.28611375642067993
0.2862880019473937
0.28657271624278763
0.28664959561774533
0.2867636116399283
0.2870540208511178
0.2872970378583992
0.2874565168150524
0.2878050800828689
0.2879445053899955
0.2880676426939531
0.28815624943119245
0.28843484538633357
0.28857817981422074
0.28887527299202315
0.28896387972926246
0.28907019903369796
0.2892060514782544
0.2894086742376767
0.2895454934642962
0.29012565559467257
0.29028788410623574
0.29038691516550325
0.29056608320036215
0.2908514490158829
0.291069009814774
0.29155433775076195
0.291770914111649
0.29194030934460663
0.2922326874318042
0.29253108364986014
0.29271155472497257
0.2931771939008798
0.2933172707281332
0.29361785246536437
0.29376639905426555
0.2940387344672512
0.2941846749756453
0.2944693892710394
0.2945684203303069
0.29475280052617986
0.29494565048370075
0.2950166661775176
0.29528968365063585
0.2957740271486197
0.29584634588269004
0.2959920427072868
0.2960754372835121
0.29625395379824426
0.29643377335322996
0.29701459177560896
0.29715831972419765
0.29733097255778906
0.29765518080711706
0.2979073190961731
0.29802654727937006
0.29832494349742605
0.29850017346214375
0.2987157653850268
0.29884867549088584
0.2990226313647307
0.2991021168201954
0.2994363466452231
0.29959075691526516
0.29972627310163125
0.29997435147864737
0.3001702546414498
0.30023605817425253
0.30048363582242127
0.300599799506897
0.3007691228435906
0.30088248734564677
0.300963275841365
0.3010466704175902
0.30131379366956174
0.3014499613760545
0.3017305262072037
0.3018184814243163
0.30226738515415497
0.30243808342736606
0.3031035635180918
0.3031986854565987
0.3032775193919367
0.3033433229247394
0.3037213471182878
0.30391093947517495
0.3043184968088443
0.3045409797977556
0.3046906143743685
0.30484812445501364
0.30517102012033626
0.30527537054876364
0.3055881002096083
0.30577704104636866
0.3060556370015098
0.3062139563923124
0.30636576058184745
0.30644459451718536
0.3068449326388251
0.3070071611503883
0.3070807829247122
0.30716352598081065
0.30743911899443005
0.30761177182802135
0.3079100565432431
0.3080058300018768
0.3082913170230462
0.3085945239282881
0.3087378583561752
0.30889813230735813
0.3092792715815125
0.3094336818515546
0.30958483452096286
0.3096877747009909
0.30988257921889206
0.31020678746822
0.3104960624045014
0.31066285155695184
0.3107423370124166
0.31084865631685205
0.31108646116311933
0.31121741670859804
0.31158067433208597
0.31186222360123916
0.3120185884316615
0.31224566546459165
0.3124978037536477
0.3126671270903413
0.31297328730959534
0.31326468095878884
0.3134271132294542
0.3136154025460877
0.31372664404054335
0.3140994178980702
0.3144297386023374
0.314641064627203
0.3147759326337554
0.3148541150489666
0.3150704197310508
0.315350000124196
0.31570573011340686
0.31584710998091364
0.31595200472132196
0.31612139995427957
0.3163064316702793
0.31662013924756427
0.31697912683740886
0.3171211582250425
0.31725862897178886
0.3173863269166337
0.3177111914579644
0.31780305579583745
0.3181653289813213
0.31845278487849876
0.318533573374217
0.31870492316755483
0.31879418142492094
0.3189075459269771
0.31948639547334806
0.31965079662002144
0.3197309335956129
0.31983191921526066
0.3202325854829018
0.32035311670635236
0.32072904381949274
0.3208515296033236
0.32109763910433164
0.32130043333316227
0.32158579914868307
0.3217682483254304
0.3221954944191804
0.3223815532019425
0.3226270064109479
0.3227911894828913
0.3229752793896453
0.32318102693248807
0.3234901404657542
0.32362500513199355
0.323775506281275
0.32392274982992275
0.3240940420426244
0.3242784222384974
0.32485628734686434
0.3249888583314073
0.32538132094901484
0.32556635266501455
0.32585888520192974
0.3259650829825916
0.32630176077997064
0.32649070161673094
0.3266177480414491
0.32675458492400955
0.3269200710362065
0.3270236627363613
0.32754443044049436
0.32769232550926886
0.32791480849818017
0.328061489760781
0.32831558261021726
0.32842894711227344
