0.38554693811601237
0.184136962890625
0.3364908854166667
0.3830263370496042
0.37474853515625
0.27456054687500003
0.4691711100339312
0.49052734375
0.3213541666666667
0.4113225076749072
0.319451904296875
0.23221028645833333
0.10357812247535952
0.443621826171875
0.1877750651041667
0.2258951822916667
0.2047624818225885
0.17625000000000002
0.21853841145833336
0.44316933268702535
0.34794921875
0.22174479166666666
0.3491355630958152
0.418994140625
0.27728678385416666
0.40990870899983856
0.42506103515625
0.26113281250000003
0.4313015026660204
0.46171875
0.3909261067708333
