0.21638709677419354
0.21655913978494626
0.21661290322580645
0.21695161290322582
0.21705913978494623
0.21736021505376346
0.21792473118279573
0.21801075268817205
0.21835483870967745
0.21888709677419357
0.21898387096774197
0.21905913978494626
0.21960752688172044
0.21968279569892477
0.219994623655914
0.22071505376344086
0.22101344086021504
0.22115322580645164
0.22169086021505377
0.22191666666666668
0.22208870967741934
0.22269086021505374
0.22274731182795698
0.2231774193548387
0.22371505376344086
0.22392473118279568
0.22418279569892471
0.22463440860215053
0.22480376344086023
0.22507258064516128
0.22550268817204303
0.22579301075268815
0.22592204301075267
0.2264059139784946
0.22665322580645159
0.2268037634408602
0.22691666666666666
0.22721774193548386
0.22730376344086017
0.22804569892473117
0.22833602150537635
0.22840860215053763
0.22899999999999998
0.22940860215053765
0.22963440860215054
0.23010215053763441
0.2303494623655914
0.23056451612903225
0.2311048387096774
0.23116935483870968
0.23144892473118278
0.23215860215053763
0.23227150537634408
0.23269086021505375
0.23324731182795697
0.2335483870967742
0.23391397849462364
0.23446236559139788
0.23467741935483874
0.2348924731182796
0.2353763440860215
0.2356666666666667
0.23584946236559146
0.23652688172043015
0.23690322580645165
0.2370752688172043
0.23730107526881725
0.23762365591397852
0.23769892473118281
0.23816129032258068
0.23847580645161293
0.23867741935483874
0.2392688172043011
0.23943010752688174
0.23960215053763445
0.24033333333333334
0.24041397849462365
0.24056451612903226
0.24068548387096775
0.24097580645161293
0.24134139784946237
0.2418467741935484
0.24190322580645165
0.24229032258064523
0.2428387096774194
0.2431505376344087
0.2435053763440861
0.24394086021505382
0.2440698924731183
0.24450000000000005
0.24488709677419357
0.24525268817204302
0.24529301075268817
0.24590591397849462
0.24620698924731185
0.24656182795698928
0.24690591397849468
0.2472177419354839
0.2473145161290323
0.24806720430107532
0.24828225806451615
0.24837903225806454
0.24845430107526886
0.2488091397849463
0.2489166666666667
0.24935215053763446
0.24945967741935487
0.24980376344086022
0.24993279569892476
0.25035215053763443
0.250739247311828
0.2512795698924732
0.25154838709677424
0.2516129032258065
0.251741935483871
0.25195967741935493
0.2521370967741936
0.2527607526881721
0.2530618279569893
0.25322311827956995
0.2535349462365592
0.25362096774193554
0.2538682795698925
0.25442741935483876
0.254739247311828
0.2551155913978495
0.25576075268817205
0.25618010752688175
0.2562849462365592
0.25677956989247314
0.2570913978494624
0.25745698924731186
0.2581344086021506
0.2583172043010753
0.25870430107526887
0.2593172043010753
0.2593978494623656
0.2597204301075269
0.26029032258064516
0.26060483870967743
0.26094892473118286
0.26151881720430115
0.2618521505376345
0.262228494623656
0.26275268817204306
0.2630322580645162
0.2634516129032259
0.2641827956989248
0.26439784946236566
0.2645806451612904
0.2648279569892473
0.26494623655913985
0.2652795698924731
0.2658494623655914
0.2660349462365591
0.2664220430107527
0.266494623655914
0.26673655913978495
0.26689784946236556
0.2676075268817204
0.26789784946236556
0.26813978494623647
0.26862365591397847
0.26872043010752683
0.26894623655913974
0.2694381720430107
0.2698575268817204
0.27018010752688165
0.2704596774193548
0.27068548387096775
0.27109408602150536
0.2717069892473118
0.2719408602150537
0.272252688172043
0.27246774193548384
0.2725967741935484
0.2730161290322581
0.27355376344086024
0.27360752688172046
0.2738118279569892
0.2743602150537634
0.27463978494623653
0.27469354838709675
0.27528494623655914
0.27568279569892473
0.275747311827957
0.2758602150537634
0.2759731182795699
0.27630645161290324
0.276994623655914
0.27733870967741936
0.27746774193548385
0.2782204301075269
0.2783494623655914
0.2787688172043011
0.27945698924731177
0.2798118279569892
0.28004569892473113
0.2803037634408602
0.2804650537634409
0.28060483870967745
0.2811532258064517
0.28143279569892476
0.2815833333333334
0.28178763440860216
0.2820672043010753
0.2822930107526882
0.2826720430107527
0.2828763440860215
0.2829731182795699
0.2831908602150538
0.2833521505376344
0.28349193548387097
0.2840241935483871
0.28434677419354837
0.28453225806451615
0.2846290322580646
0.2848333333333333
0.28505913978494624
0.2855430107526882
0.28567204301075266
0.28574462365591397
0.2862284946236559
0.28654032258064516
0.28660483870967746
0.28716129032258064
0.28733870967741937
0.28751075268817206
0.2881559139784946
0.2884623655913978
0.2886451612903225
0.2890322580645161
0.2893145161290322
0.2893790322580645
0.28989516129032256
0.29024999999999995
0.29045430107526876
0.29119623655913973
0.2913037634408602
0.2914327956989247
0.29150806451612904
0.2918521505376344
0.29211021505376344
0.2926478494623656
0.29278494623655915
0.292989247311828
0.2935483870967742
0.2936881720430108
0.2938924731182796
0.29455913978494624
0.2946075268817204
0.29473655913978497
0.2949838709677419
0.2950645161290323
0.29525806451612907
0.2957956989247312
0.29602150537634414
0.2961021505376344
0.29657526881720425
0.2966720430107527
0.29675268817204303
0.2974623655913978
0.29754838709677417
0.29766666666666663
0.2979086021505376
0.2979838709677419
0.29837096774193544
0.2988333333333333
0.2990483870967742
0.299252688172043
0.2994354838709677
0.29963978494623655
0.3000376344086021
0.3007150537634408
0.3008548387096774
0.30093010752688165
0.301018817204301
0.3012338709677419
0.3015994623655914
0.30234139784946235
0.3026102150537634
0.30279301075268816
0.3030994623655914
0.3032930107526881
0.3035403225806451
0.30424999999999996
0.3046478494623656
0.3049811827956989
0.3051989247311828
0.305510752688172
0.30563978494623656
0.30618817204301074
0.30657526881720426
0.3066612903225806
0.3069516129032258
0.3071021505376344
0.3072096774193548
0.30774193548387097
0.30807526881720426
0.30843010752688166
0.30884139784946235
0.30915322580645155
0.30940053763440856
0.3101209677419355
0.310271505376344
0.31060483870967737
0.31065322580645155
0.3109193548387096
0.31108870967741925
0.31152956989247305
0.3116048387096773
0.3118198924731182
0.31195967741935476
0.31220161290322573
0.3123736559139784
0.31285752688172036
0.31318010752688175
0.3134919354838709
0.3138306451612903
0.3139381720430107
0.314260752688172
0.31474462365591394
0.3149865591397849
0.3152016129032258
0.3153736559139785
0.31552419354838707
0.3159112903225806
0.31645967741935477
0.31650806451612895
0.31664516129032255
0.3167419354838709
0.3169677419354838
0.31702150537634405
0.31743279569892474
0.3175860215053763
0.3179086021505376
0.31837634408602145
0.31862365591397845
0.3186801075268817
0.31915591397849463
0.31938978494623654
0.3195591397849462
0.31973118279569895
0.3199569892473118
0.32012634408602153
0.3206317204301075
0.3207768817204301
0.3209784946236559
0.3211236559139785
0.32137096774193546
0.3215537634408602
0.32202150537634405
0.32206989247311824
0.32249999999999995
0.3231774193548387
0.3233064516129032
0.3233629032258064
0.32387903225806447
0.3240967741935484
0.32441935483870965
0.3247822580645161
0.32489516129032253
0.32514247311827954
0.32584139784946237
0.32588978494623655
0.3259543010752688
0.32601075268817203
0.3263091397849463
0.32653494623655915
0.32691397849462367
0.3269543010752688
0.32736290322580647
0.327733870967742
0.3279489247311828
0.3281532258064516
0.32870967741935486
0.32875
0.3289758064516129
0.3294811827956989
0.3296263440860215
0.329991935483871
0.3305295698924731
0.33093817204301074
0.3309865591397849
0.33151075268817204
0.3318548387096774
0.3319919354838709
0.33233870967741935
0.3326182795698925
0.33274731182795697
0.33329569892473115
0.33359677419354833
0.3336532258064515
0.334024193548387
0.3344220430107526
0.3345672043010752
0.3347822580645161
0.3350483870967742
0.3352016129032258
0.33574999999999994
0.33589516129032254
0.33612903225806445
0.33644086021505376
0.33659139784946235
0.3368333333333333
0.3372204301075268
0.33748655913978487
0.3376693548387096
0.3378064516129032
0.33809677419354833
0.3384032258064516
0.3389435483870967
0.3392768817204301
0.33952688172043005
0.340010752688172
0.34024462365591396
0.34064247311827955
0.3412338709677419
0.34135215053763435
0.34157795698924726
0.34192204301075263
0.3422284946236559
0.34264784946236554
0.34321236559139784
0.34336559139784945
0.34367741935483864
0.3441290322580645
0.34449462365591393
0.3448064516129032
0.34534408602150535
0.34548924731182795
0.3456612903225806
0.34585483870967737
0.3459354838709677
0.3460537634408602
0.34655376344086025
0.3468279569892473
0.34706989247311826
0.34714247311827956
0.34725537634408593
0.347524193548387
0.348255376344086
0.3483924731182795
0.3485645161290322
0.34899462365591394
0.3490591397849462
0.3491451612903225
0.34962903225806446
0.34995161290322574
0.35009677419354834
0.3505483870967741
0.3509032258064515
0.35107258064516117
0.3514354838709676
0.35175806451612895
0.35187903225806444
0.3520725806451612
0.35230913978494616
0.35237365591397846
0.35287365591397846
0.35327150537634405
0.3535860215053763
0.3538360215053763
0.35392473118279566
0.35406989247311826
0.3545860215053763
0.35473118279569893
0.3550322580645161
0.35554838709677417
0.3558387096774193
0.35607526881720425
0.35661559139784943
0.35693817204301076
0.35718010752688173
0.3577177419354839
0.35785483870967744
0.3581559139784946
0.3586720430107527
0.35893010752688176
0.3590833333333333
0.35928494623655916
0.359494623655914
0.3596962365591398
0.3600349462365592
0.36031720430107533
0.36050000000000004
0.3607096774193549
0.3609032258064517
0.3610806451612904
0.36160483870967747
0.3617123655913979
0.3620188172043011
0.3625456989247312
0.3628440860215054
0.362989247311828
0.36352150537634415
0.3637903225806452
0.36422043010752697
0.3644623655913979
0.3646989247311828
0.3649731182795699
0.3653521505376344
0.3657715053763441
0.3658790322580645
0.3659596774193548
0.3662258064516129
0.36630645161290326
0.36684677419354844
0.366986559139785
0.3671559139784947
0.36747849462365595
0.36778494623655916
0.3680510752688172
0.36863172043010756
0.36893817204301077
0.3690241935483871
0.3691209677419355
0.36944354838709675
0.36952956989247315
0.36990860215053767
0.3701102150537635
0.3703682795698925
0.37047311827956997
0.370731182795699
0.3709354838709678
0.37137096774193556
0.3716048387096775
0.3718548387096774
0.37227419354838714
0.3723709677419355
0.3727795698924731
0.37333602150537637
0.37347311827956986
0.3737231182795699
0.37390591397849465
0.3742123655913978
0.37429301075268817
0.37464784946236557
0.3749596774193549
0.3751102150537634
0.3753279569892473
0.3755537634408603
0.37574731182795706
0.37633870967741934
0.37658870967741936
0.3766854838709678
0.3770403225806453
0.3771693548387097
0.37741935483870964
0.37777419354838715
0.3778790322580645
0.3782123655913979
0.3789650537634409
0.3791747311827957
0.37922311827956995
0.379747311827957
0.38006989247311834
0.3801344086021506
0.3806290322580646
0.38105913978494627
0.38133870967741934
0.38202688172043014
0.38217204301075275
0.382252688172043
0.382489247311828
0.3827715053763441
0.3830510752688172
0.3834623655913979
0.3837204301075269
0.38391397849462366
0.384
0.38424731182795696
0.3843010752688171
0.38481720430107524
0.38512365591397846
0.38540591397849455
0.38549462365591397
0.38580913978494624
0.3860268817204301
0.3865107526881721
0.38680107526881724
0.3870268817204301
0.38733870967741935
0.3875483870967742
0.3877634408602151
0.38838709677419353
0.38851612903225796
0.3886559139784946
0.389010752688172
0.38916129032258057
0.38943010752688173
0.389760752688172
0.3899865591397849
0.3903306451612903
0.3908790322580645
0.39107258064516126
0.39138440860215046
0.39174731182795697
0.3919731182795698
0.39214247311827954
0.392260752688172
0.39264784946236553
0.3928172043010752
0.39326881720430107
0.39336559139784943
0.39366666666666666
0.3941182795698925
0.39438709677419354
0.39454032258064514
0.39504032258064514
0.39523387096774193
0.3955483870967742
0.39598924731182794
0.39619086021505373
0.3963198924731183
0.3967795698924731
0.3968978494623656
0.39712365591397847
0.3971801075268817
0.3974139784946237
0.39748924731182794
0.39794086021505376
0.3981827956989247
0.3984731182795698
0.3988763440860214
0.39903763440860207
0.3993064516129032
0.39999462365591393
0.4002365591397849
0.40054838709677415
0.4008064516129032
0.4009112903225806
0.40123387096774193
0.4017983870967742
0.4020779569892473
0.4021263440860215
0.402239247311828
0.40244086021505376
0.4026505376344086
0.40304569892473124
0.4031908602150538
0.4033118279569893
0.4036505376344086
0.4037688172043011
0.4038333333333333
0.40430913978494626
0.4044596774193549
0.4046935483870968
0.40502419354838715
0.40511290322580645
0.4052741935483871
0.40602688172043017
0.40619623655913983
0.40625000000000006
0.4067741935483871
0.40700000000000003
0.4072016129032258
0.4078037634408602
0.40796505376344083
0.4082311827956989
0.4086263440860215
0.40872311827956986
0.4089811827956989
0.40935215053763435
0.4094327956989247
0.40964784946236554
0.40970161290322576
0.4099032258064516
0.4100564516129032
0.41056182795698926
0.41081989247311823
0.4111021505376344
0.4113763440860215
0.41148924731182795
0.41170698924731186
0.41211827956989244
0.41219354838709676
0.4124354838709678
0.4130591397849463
0.4132123655913979
0.41348118279569895
0.4139650537634409
0.41419086021505386
0.414481182795699
0.41504032258064527
0.41518548387096776
0.41554032258064516
0.41623924731182804
0.41640053763440865
0.41666935483870976
0.4172930107526882
0.4176801075268818
0.4179462365591398
0.4183172043010753
0.418747311827957
0.4189650537634409
0.4192795698924731
0.41949731182795696
0.4198951612903225
0.4202903225806451
0.4204193548387097
0.42066129032258065
0.420983870967742
0.42103225806451616
0.42118279569892475
0.42172311827956993
0.42191666666666666
0.42222849462365597
0.42268817204301073
0.4227930107526882
0.42284946236559134
0.42318817204301074
0.42351075268817207
0.423744623655914
0.42379301075268805
0.4239973118279569
0.4240618279569891
0.42450537634408597
0.4247231182795698
0.4248951612903225
0.42537903225806445
0.42566935483870966
0.4259596774193547
0.42641129032258057
0.4265564516129032
0.4266854838709676
0.4271048387096773
0.4273306451612902
0.42739516129032246
0.4278790322580644
0.42811559139784944
0.42842204301075265
0.4291102150537633
0.4293037634408601
0.42956989247311816
0.4302043010752687
0.43034408602150526
0.4304650537634408
0.4310053763440859
0.4312311827956989
0.4315537634408602
0.4319811827956989
0.432247311827957
0.4325618279569893
0.4328279569892473
0.433258064516129
0.4335483870967742
0.43391129032258063
0.4339596774193548
0.43412903225806454
0.4345376344086022
0.4348118279569893
0.4351666666666667
0.43561827956989246
0.43565860215053764
0.4359731182795699
0.4360456989247312
0.4362715053763442
0.43635752688172047
0.43678763440860224
0.43706989247311834
0.43716666666666665
0.4373817204301075
0.4376559139784946
0.43772043010752687
0.4380430107526881
0.4382258064516128
0.43860215053763435
0.4390376344086021
0.43933870967741934
0.43971505376344083
0.4403064516129031
0.44037096774193546
0.44068548387096773
0.44079301075268806
0.4409758064516129
0.4410940860215053
0.44154569892473117
0.441771505376344
0.442029569892473
0.4425779569892473
0.4428037634408602
0.4431693548387096
0.44369623655913976
0.4440510752688172
0.4442123655913978
0.4447043010752688
0.44497849462365596
0.44533333333333336
0.4457043010752688
0.44581720430107524
0.4461075268817204
0.4461801075268817
0.4463172043010752
0.44649999999999995
0.447016129032258
0.4473924731182795
0.44762903225806444
0.44807258064516126
0.4483145161290322
