0.7639999999999993
0.5346666666666666
0.48800000000000004
0.7335000000000002
0.5113333333333332
0.4693333333333334
0.3967499999999999
0.5976666666666667
0.5446666666666667
0.6317499999999998
0.6830000000000003
0.4173333333333333
0.16250000000000003
0.5480000000000003
0.25
0.2943333333333333
0.2557500000000001
0.25100000000000006
0.3563333333333333
0.6764999999999995
0.409
0.5356666666666666
0.28950000000000004
0.28200000000000003
0.3463333333333333
0.6027499999999998
0.5173333333333334
0.2293333333333333
0.2297500000000001
0.6933333333333335
0.1963333333333334
