0.196787374620277
0.19681050963588873
0.19658057844147828
0.19666793238798763
0.1963664172373612
0.19647733058699157
0.19630398381823774
0.19604728157894505
0.19593102016381514
0.19600139236546354
0.19593978293457565
0.19599662580100785
0.1959081874215854
0.1954828831634986
0.19511132003502507
0.1950472877537099
0.19495703422943408
0.19492138171874154
0.194508959168423
0.1943085224742164
0.19422640370351826
0.1944291720470469
0.1944224824595758
0.19441704052037007
0.19471189675260933
0.19472942970402246
0.19494803058928556
0.1950998373296949
0.19515895655146526
0.19525482641647207
0.19514354086649782
0.19528365434167486
0.19499533371232422
0.19492051766334928
0.19495254855068658
0.19491056279392235
0.19516109983956323
0.19543953664411665
0.19489774897382686
0.19526321815660955
0.1955565051486081
0.1955677155886002
0.19568205476291228
0.19579850867194976
0.19587414988455032
0.19607093447275784
0.1963167040022302
0.19610216679397297
0.19612183298298339
0.19591013482467004
0.19557906438329858
0.19587808995156925
0.19619797089070803
0.1962366745745103
0.19633081406567293
0.195923910496374
0.19594798816969813
0.19602561526510037
0.1962745939145491
0.19638358254748278
0.19638842927141706
0.19662370817930094
0.1963970645441372
0.1967072608847324
0.19683788933360788
0.1968520274145545
0.19636777233456965
0.19618836762493658
0.1958159308354747
0.19601516891792395
0.19613888904508267
0.1960545645241412
0.19559065592047817
0.19517701647097402
0.1950821459848947
0.19487959508988364
0.19521795319069007
0.19502693167708085
0.19526162225716012
0.19550117937165598
0.19555271274609776
0.19582842836760223
0.19614321895035206
0.19621781117270995
0.1962921564155414
0.19592961534964182
0.19597119745927075
0.19622481982198672
0.19633884476097727
0.19619962264175475
0.19635312614816391
0.19588690819221574
0.19604978687560393
0.19633381775689052
0.19665417405186358
0.19673762778216156
0.19648557169866415
0.19634087856238253
0.19661809596182853
0.19688361238726398
0.19710951927809858
0.1971014705018794
0.1974378475727547
0.19784279292748663
0.19777046896201486
0.19791969297172526
0.19812000676420435
0.1983595133822366
0.19821810257241423
0.19809241901662364
0.19803132157587386
0.19817314153485394
0.19840063808648772
0.19839034549597356
0.1983481184103147
0.1983017360972403
0.19834541701482158
0.19861728862247555
0.19852804416370878
0.1987598712304179
0.1987293278395562
0.19877704882005276
0.19862887511570404
0.19887111549295905
0.19913205439171933
0.19918492175753127
0.19913617679551784
0.19945595719049541
0.1994776776981068
0.1993236362432905
0.19937359780930322
0.19956616580264097
0.19976790241324946
0.19961631620247336
0.19959185159438614
0.19950702111955493
0.19965137888544923
0.19968900723676106
0.19979992765383328
0.1998018021671069
0.19959565139340676
0.19974952326062603
0.20010396154370994
0.2002962326637005
0.2005401587826172
0.20029107176236788
0.20022758715076772
0.20059549672915722
0.20064087351551482
0.20053395378066668
0.20048844006055602
0.20065433572382513
0.2007895467185539
0.20075020153456857
0.20107301645375905
0.2012048211995331
0.20134955843121857
0.20134821379406037
0.20105716414401678
0.20150202442281176
0.20145411893089485
0.20155800756416162
0.2016164994132275
0.20160925463732138
0.20154175462446436
0.20173557159613645
0.20185091165917535
0.20170220456548466
0.20170266531760936
0.20150727295792747
0.20132504218930208
0.2013535794010584
0.20159488530247544
0.20172264226512127
0.20172350529659028
0.201542573539419
0.20176193620313632
0.2019327887916255
0.20222827655172892
0.202061615843987
0.20206479756347548
0.20194755704380948
0.2021333330069236
0.20247578362901547
0.20267679447259165
0.20273935097160709
0.20275079586027275
0.20270062671077976
0.20255524409787526
0.20290058577177988
0.20275330275216896
0.20277689270535576
0.20311644077508278
0.20294798672055972
0.20327563990940686
0.20367207082526823
0.2039655581237569
0.20403763171041506
0.2040865369477937
0.2039768079650193
0.20381317187652379
0.20406491230381132
0.20445894497523692
0.2044213257975473
0.20439291857994143
0.20433954823506503
0.20445441054446817
0.2045450398281586
0.204805633081306
0.20478123484226735
0.20473630542192048
0.20463043602886108
0.2049262152234085
0.20524822748689447
0.2054069395377661
0.20560836752046663
0.20563368495139261
0.20592766026607928
0.20578531000863293
0.20577610349380754
0.20592879933112693
0.20598381622260134
0.2061458163806043
0.20591951688508142
0.20578229976214463
0.20606966195708287
0.2061484092438724
0.20604737018772887
0.206358935777826
0.2064560431703989
0.20656667098456322
0.20651598018957706
0.20671841886141237
0.2065708521226481
0.2066240415074249
0.20660147260889775
0.20644240350676565
0.20667425915769513
0.2065467453991317
0.20674147286531522
0.20703300861159388
0.20704855718924278
0.20687887382249476
0.20696129872293423
0.20667574746360726
0.20668887841524888
0.20687655591079743
0.2065887135919071
0.20652464626771444
0.20680490345043173
0.20700169195508683
0.20707347546324806
0.2071074779744252
0.20718483775322288
0.2071306550878153
0.20738292914698866
0.2076256432006471
0.20751866530588248
0.20762472766181253
0.20754464508732562
0.2076125852860352
0.207833590107639
0.20780047926537157
0.2078437544688532
0.20791158887987515
0.20783240896064753
0.20780554106587423
0.2080351556787731
0.2082021675038722
0.2081650729059706
0.2081296024650237
0.2082332804327427
0.20826685790009267
0.20816770711556812
0.20831363586178925
0.2083770776986643
0.2084193959979357
0.20828868316862864
0.20818870381302493
0.20860235368446173
0.20866710673900535
0.20864918277941247
0.2085344831435526
0.20858088287493062
0.2084060464367425
0.208785656027569
0.20897179272471222
0.20897722516162734
0.20925356829974476
0.2100613144650465
0.2099929704404876
0.20996724849001092
0.2098928298636087
0.20979045487521727
0.20993411757592392
0.20975303663739722
0.20961285916539726
0.2097529776299635
0.20974296983481336
0.2097497447655152
0.2099092301888471
0.2098523948349255
0.20972947927556868
0.2093427681162983
0.2095330885788983
0.20973523706515088
0.20992413561311285
0.20999875331031959
0.20987753635154657
0.20995281589407103
0.2103500556453959
0.2103143879551662
0.2105725989179415
0.2107464754625053
0.21081697888212927
0.21090763346921038
0.2108126921709831
0.21091668623157916
0.21082332182277413
0.2104695791897127
0.21037972505094252
0.21055341998953667
0.21084499129164785
0.21081784483650368
0.21063273815323622
0.2104473711726901
0.21054680116460228
0.21052552060890445
0.21062712117047952
0.2106442712303449
0.2106675559836424
0.2107022491282541
0.2104728953194659
0.21043697232265693
0.21049862400162994
0.21066770182842467
0.21094861235745807
0.2104881355959208
0.2105178415933213
0.21029899082862027
0.2105375225662096
0.21049744061618914
0.21069095662957177
0.21078499400964942
0.21087547785607258
0.21084082121379644
0.21095079198258213
0.21111914251398226
0.21113182176637013
0.2109800317256392
0.2107761216853731
0.21095569334323566
0.2111509832534809
0.21114952147236013
0.2112061857419051
0.21154512401114395
0.2113145518650278
0.2113083117137986
0.21135185580817306
0.21137236013624403
0.21146323364883007
0.21138644356249608
0.21114067870962347
0.21118475523226898
0.2111089765992927
0.21100067284813512
0.21089170258971468
0.2106882651524895
0.21063179482925523
0.21035082244081296
0.21015202530328597
0.20998785756914326
0.20977224310048975
0.20945446909849819
0.20933101743225185
0.20927567684005474
0.2090911718134628
0.209163302103059
0.20934922409189505
0.20948274671283976
0.20951878074100744
0.2098141203485111
0.21000042109694375
0.20988771030213307
0.20958203437673917
0.2096187142996087
0.2095944066029688
0.20952302403052375
0.20972226089334334
0.2096565138216771
0.20964064118169876
0.20961125189141683
0.20934218932867046
0.2093361350663349
0.20938885814161523
0.20936666608039797
0.2094205858799182
0.20939315534083536
0.20940013492406362
0.20961430219909255
0.20944472637159034
0.20936155321681862
0.2096912306157486
0.21040271858730428
0.21041682190578387
0.21065614648853173
0.21065377820474465
0.21055326832745358
0.21058056036321804
0.21064476046965436
0.2107126448298027
0.21098891924293117
0.21097489938616173
0.21097862530679487
0.21086665249788508
0.21090919785490114
0.21086103533623834
0.21083774817543882
0.21048156950636512
0.21069162718735054
0.21086703712485133
0.21088887301466733
0.21094143115105227
0.21074991525744197
0.2110552889775374
0.21110043256269026
0.21110917388358974
0.2112230382336069
0.21104019312097283
0.21128379673017192
0.2112065291791079
0.21123279955257251
0.21130594363681499
0.21142219737946336
0.21108374578856937
0.2108163394229234
0.21099102227807837
0.2110092156558258
0.2111117107911033
0.21092016710538572
0.2106817906683594
0.21063389618464112
0.21048392558926524
0.21053020417171295
0.21073107998381813
0.2107444202230731
0.21056956295089932
0.2105574973795185
0.21038649111922708
0.21031127762864094
0.21062775072422704
0.2104018589589806
0.2103780225196247
0.21056220142884197
0.2103633272695663
0.21024606961030343
0.2105644003241446
0.21047538113213346
0.21049744901946144
0.21040883683979386
0.21048502157733046
0.21060324758745155
0.21051474085212712
0.21044247210847664
0.21060897784629895
0.21066440972181785
0.21054262166166782
0.21063012325019734
0.21082638801739711
0.21054121573596463
0.210812919577391
0.2111062680353663
0.21139385543327815
0.21133176865422235
0.21159550229388463
0.2116107375374568
0.211631338137738
0.21163932474052258
0.21192151168484236
0.21189349762050422
0.21201137401285675
0.2119668098949296
0.2118011358251833
0.21175937660155827
0.2116452046143463
0.21158063649228454
0.2116196657510341
0.21171227817137456
0.2115944199917515
0.21189694874196896
0.21214779828494193
0.2120848725250259
0.21223283579969385
0.21212120155631545
0.21220886661598076
0.21239586796040277
0.21268746871127667
0.2126342218435769
0.21285116897097892
0.2135635277842701
0.2135848710113116
0.21365513034906744
0.2138801677955918
0.21372980071560693
0.21355003896268937
0.21368558088069525
0.2138380757000389
0.21404564021905534
0.21392250648477734
0.21379207081927837
0.21370842197898676
0.21367639937691488
0.21364980170066186
0.21368813797991462
0.2140349186363248
0.21393783272032432
0.21382760291965183
0.21413336260938462
0.21394219592502914
0.21380901394784846
0.2137730096177533
0.2138342487781152
0.21379548240104726
0.21359411770975115
0.2136053556264879
0.21352836710652517
0.21353877276694652
0.2134942485816638
0.21360639968122325
0.21376453577289808
0.21402121846354222
0.2142087246503684
0.21407021115462982
0.21418543793035805
0.2140037691152212
0.21409666025457988
0.2142476574741624
0.2143889616128343
0.21453461368725504
0.2146122077678727
0.21461060766826381
0.21468016769833223
0.21459760132455133
0.2149450237829259
0.2151447342986031
0.2149996698213267
0.21501109678594943
0.21551713353831115
0.2154000815846605
0.21536924300647886
0.21524487459864647
0.21518824807375445
0.21527387183279548
0.21521513837536888
0.21536768861710642
0.21548838043661586
0.21577274153116066
0.21564062120205282
0.21580286511858815
0.21555044641923385
0.21542928758380397
0.21577019865949312
0.21557324376582682
0.21559086300786842
0.21571388334535607
0.21575517182777415
0.2156132759045654
0.2158100413127873
0.21568343082820074
0.2155983544712073
0.2156554604742536
0.2156948976108481
0.2153986992710166
0.21568223051129326
0.21565655134150763
0.21566953600645464
0.2155520973088197
0.21561876857466508
0.2156375517707003
0.21584370866869623
0.21568827236228683
0.21560009351323933
0.21551399620098016
0.21560309034267255
0.21555896712230013
0.21585046512851372
0.215823557328913
0.21579749730102574
0.2158440893555153
0.2155651322413925
0.21548474491266142
0.2156549969428863
0.21557024637982192
0.21565982122761715
0.21580199633114794
0.21587720194477247
0.21581910382070907
0.2160393046078291
0.21588255612116838
0.21593585710970445
0.21575642455547472
0.21602718785797112
0.21593770305989707
0.2156773411191556
0.21559444519583704
0.21547519608937668
0.21525460853385547
0.21522594964081895
0.21511297052497808
0.21533822805360564
0.21527014098942807
0.21542878483492114
0.21563139162374828
0.21565293387272574
0.2155604223602979
0.21584933181420932
0.21611053973363922
0.21609995996712852
0.21597850395236085
0.21601020942072588
0.21604697907003767
0.21609824893115148
0.21615119529983437
0.21605111111964556
0.21603524310040148
0.21566502154311706
0.21549648512057384
0.21566557057119978
0.2156634466180079
0.2155389399586408
0.2155308919615219
0.21540595606505947
0.21562383228846738
0.21526465519568264
0.2152889545771427
0.21525213154235484
0.21533210264759803
0.21519132634015312
0.2151440027940609
0.2148959788927775
0.2147056884730639
0.21462880476788448
0.21467420637347195
0.21517058178622592
0.21499530526701963
0.2147072540674462
0.2145012873957351
0.21437123210770362
0.21438418781435373
0.21437109278620287
0.21409409460111858
0.21448288495192283
0.21433253539657662
0.2146946017158084
0.21441226555317658
0.21442655724683798
0.21448388053700693
0.21436071139374047
0.2144062262134814
0.21437518016909837
0.21457144597752803
0.2146633729768922
0.21456399698884515
0.21473110683936072
0.2146851187685484
0.21470878557398018
0.21479452792187814
0.2148400096217641
0.21471026211178387
0.21487088312643596
0.2152779329666467
0.21531194001079462
0.2152707031847827
0.21533069031735513
0.21531950126144087
0.21520743324976174
0.2149734885689181
0.2150560276058656
0.2152635240716036
0.21533825274558088
0.21498540962496357
0.21525297340845792
0.21534749501830155
0.2153132446889273
0.21545263833150377
0.21539806385811958
0.21528351900436543
0.21531747859804276
0.21504557741065025
0.21534392524434978
0.21548814216804596
0.21578195091745814
0.2157887109229373
0.21598358592633665
0.21612010845728452
0.21619672524275807
0.21613018137998447
0.21616773111420165
0.21595253131870465
0.21575098069588505
0.21577098136618267
0.2158867847354016
0.21603048406288208
0.215988684859725
0.21601470841755277
0.21584210901634665
0.21577425328243285
0.21583979183057717
0.21572900325820313
0.21584400048475927
0.21566414279041485
0.21558804343195515
0.21543373530092827
0.2152421761257075
0.21529991831669193
0.2149891840629823
0.21485928607511603
0.21490118269123673
0.21502382997795963
0.21498468179366706
0.21524079274069716
0.21531131608193516
0.21540629031389222
0.21553406763218064
0.21573367851155092
0.2156055214991295
0.21572106733549962
0.21566986801296156
0.2154389018802178
0.21558541349054272
0.2157252534960527
0.2155004176734524
0.21587330183386894
0.21636334367038834
0.21643666804864892
0.2166580241087869
0.21655981456293175
0.2167225243778385
0.21698860635906067
0.21718690990292944
0.21693560729155728
0.21685897567634146
0.21673892429017144
0.21693917919497685
0.21709938371891302
0.2170861129620601
0.21711548091717148
0.21720138604520098
0.21740000263893713
0.2174603081720402
0.21730175370879856
0.2174071548079612
0.21737486430417763
0.21753611203645057
0.21757661709470566
0.21762468964885756
0.21760833295681797
0.21764292855966066
0.21731032624538119
0.21749635845758813
0.21711900309412832
0.2170270286269715
0.21680321969422722
0.21688113788374466
0.21711272042402008
0.21717055511125877
0.21707254999828177
0.21720343516914078
0.21709965036127848
0.2174313571060724
0.2173738541977363
0.21759840347316403
0.2175676167841186
0.2174858496211184
0.21746037763965861
0.21750015425892222
0.21748615696905216
0.21737182699777335
0.2172759958358795
0.21733421302531278
0.21756918988788065
0.2175323820172875
0.21747842556120817
0.21749652569994038
0.21763665991792802
0.21755927765246713
0.2173729345230788
0.21754774798848048
0.2174766966578947
0.21773515988126413
0.2179254110870573
0.21806316014136712
0.21801383153688428
0.2178998860271246
0.21767852884317443
0.21756077326383882
0.21773063479236185
0.21772354027271223
0.21748120482023972
0.21752709182577776
