0.18809498529844834
0.18839441206676152
0.18866617785977227
0.1888662510417705
0.18913005265257357
0.18942644094642438
0.18979288985877668
0.19009324249759557
0.19050876354094234
0.19075183952708322
0.19103373468837354
0.19122089709176734
0.19147763881029503
0.19176137505441465
0.19223732641530172
0.19259956337346706
0.19280638412953008
0.19300055628279789
0.19340516765292556
0.19358686928667743
0.1938649028783273
0.19429114878306522
0.1944870996669174
0.1947196452135824
0.1952228941215125
0.19541784757691463
0.1956894918246465
0.1960467834913132
0.19626136302139777
0.196466368009217
0.197105731353471
0.1974707960113591
0.19784646962947067
0.19819690278219246
0.19858319783007553
0.19876628964795187
0.19896416701981087
0.19938181809822988
0.19970769752951348
0.20013683899456722
0.20047317657017208
0.20057380639467862
0.2010418712258278
0.20164793746406706
0.20213051632411413
0.20235813992236856
0.20265000032643443
0.20298400255257693
0.20335989861263926
0.2038527334790707
0.20415454642009895
0.20459448415111375
0.20481485282029266
0.20519807327140155
0.20553046850533635
0.20594558002247343
0.20629114873887128
0.2067329057113175
0.20700717591461054
0.20744397499475167
0.20775739942037152
0.20817029855091587
0.208490007787307
0.20890769721943067
0.20923837913307314
0.2095425972530328
0.21003100346103012
0.2105851764281
0.21097222437416857
0.21126253015373844
0.21148461021969833
0.21161877701015383
0.21206128320555032
0.21259626619446162
0.21286103591472375
0.21326118659936755
0.2134339572115098
0.2138058784144668
0.2139895928789303
0.21442956169193433
0.21483473537304992
0.21517740170369506
0.21540977590981777
0.21587948829641052
0.21632478189520085
0.21696023636428685
0.21746780734882987
0.21771567645452727
0.2180160460781832
0.21823136760876116
0.2184867156010327
0.21901161426954746
0.2192080258514253
0.2195221408547855
0.21995282854379758
0.22025088691703346
0.22080431958672433
0.22137044074347836
0.22171190527220822
0.2221108699059448
0.22243649364586413
0.2226316218590698
0.2228712056649334
0.22332020495088767
0.22366513995172774
0.22390668884798745
0.22421154435874013
0.22452892192090412
0.22479597545858054
0.22540926248395016
0.22583909279308995
0.2260745397635865
0.2264071012975247
0.22646999176168067
0.226997321860807
0.22725545623618162
0.2274562254371313
0.22782729936711282
0.22819969940071497
0.22848560697379963
0.22883513118834936
0.22934787795414238
0.2297192462967163
0.23007781817906675
0.2305645663309485
0.2307255297151051
0.2312916739733376
0.23163718454226404
0.23184179204373645
0.23215516517461682
0.2324259370790187
0.23261086882465043
0.23312362976635073
0.2334891737011625
0.2338494947854619
0.23429720511392294
0.23445530546365895
0.23471713187179907
0.23504006775469558
0.23529530580549068
0.23575844057111567
0.23616673767713048
0.23655654572484555
0.23677148048942048
0.23708159385718014
0.23737970221361493
0.2376999751785847
0.23801557880971708
0.2383293692635561
0.23871730924171472
0.2390625881395642
0.23963132606379134
0.24004196429463814
0.2404462580194365
0.24063884161924157
0.2408815485087325
0.24106959300039044
0.24131460302402757
0.24159165065507598
0.24193801532241468
0.24221618733917374
0.24241056264375943
0.24268143709615675
0.24287108292655823
0.24310673100178506
0.24335875611365107
0.24387120991069405
0.24419615005686343
0.24460745019757246
0.24511328437095956
0.24538159174138124
0.24573459687620988
0.2459898923747922
0.2462724876421393
0.24654158051533318
0.2467991261145015
0.24701548062244003
0.24728081672270044
0.24758111074151767
0.2478235539328819
0.2483970119091924
0.24889751279124883
0.24912268657737113
0.24947346714482746
0.2497365596452475
0.24982715066847286
0.24999078534778163
0.2501652596199033
0.25044609137813584
0.2508245004213146
0.2511167232560761
0.251256633239065
0.251601631926481
0.2517346815798071
0.25202788801251885
0.25230399013680477
0.25280031962689214
0.25295894777308287
0.25327091263258383
0.2536166465508046
0.25389648788565
0.2542879807661944
0.2546561742305761
0.25486736017647665
0.2552873293045008
0.25565393603858183
0.2558913075262368
0.25605584048077634
0.2563850616196792
0.25649697432314894
0.2566989713056335
0.2572959649632276
0.25768308641400045
0.25797060183059545
0.2582077308943555
0.2584291190052208
0.2586265397776502
0.2588883656607568
0.2592255012874369
0.2596346316217783
0.25996818651929166
0.2600792584523258
0.2603976869742512
0.2607198123102727
0.2608808298739523
0.2611534200068754
0.26135362528457934
0.26160901223434413
0.2620543728536738
0.2623224008309253
0.262720070731799
0.262894058464978
0.26310929416541423
0.26326334044187594
0.2636016069909351
0.26421609791835443
0.2644261959158763
0.2647596560185729
0.2650135207909183
0.2653476905027799
0.26570156420069657
0.266225738847874
0.2665564060605756
0.2667888068029732
0.2669833871246547
0.26721719928863324
0.26760335134361474
0.2679884531213785
0.26828129880350216
0.26872705128166074
0.2688958554311273
0.26909199065878187
0.26925406779671873
0.26948220177955245
0.2697400916312795
0.2699420041711821
0.27016289064412574
0.27025371991197344
0.2707150530510443
0.2713031804661989
0.27148514503718596
0.2717665129334813
0.27198800507897863
0.2721565495020717
0.27237507840057273
0.2727628246413321
0.27314083938427564
0.2733705919621906
0.27372120940170674
0.2739815943825955
0.27421768369606153
0.27466287858853466
0.2750317669086371
0.2753484373030424
0.27561143419484346
0.27576747953674535
0.27601215133185275
0.27640458874784735
0.27672849486658896
0.27698027441548007
0.27730005802288094
0.2775005762310463
0.27777607922087216
0.2780352388608942
0.27833132722929976
0.2786113492807111
0.2789416907888176
0.2792070840389856
0.27939262014557953
0.28002758738348277
0.28019766487844244
0.2804491183027115
0.280725877060272
0.28098089940045184
0.28120854455587846
0.2815837290526863
0.281813024063817
0.28209882507849443
0.2824112562990925
0.2827371908589043
0.2829838562404476
0.28347975415291393
0.2839168719284516
0.28431572578009817
0.2846367066478737
0.2848974396472856
0.28506948861130355
0.2853077996317013
0.28545261721258103
0.285696823493033
0.28602258636685685
0.2861535331336999
0.28648957249021867
0.2867130766325836
0.2870158262335581
0.28722623659676755
0.28751433166985224
0.28770149299692716
0.28792828483201177
0.2882595414736869
0.2885752777545589
0.2889332518599016
0.28914329640270386
0.2894342997944209
0.2896231815778551
0.28990017956697633
0.29017227232466286
0.29039653234230406
0.29057307304081176
0.29069396738086095
0.2909110851193434
0.2912853716774331
0.29158389916819255
0.29181770920251465
0.29200189327454146
0.2921420184934522
0.29232951923455636
0.29279350560468403
0.2929202591059532
0.2931790226706022
0.29339866969165673
0.293576312721499
0.29391302884633097
0.29412701018321113
0.2942802287007814
0.2945037827319894
0.29472000828695427
0.29492170381107613
0.29519028023797034
0.295615202716759
0.29590081816114744
0.29617081407122986
0.29629087035279594
0.29657992815374523
0.2970376031474448
0.29734501769822613
0.29752038707756195
0.29778558130874216
0.29801480988610884
0.2981645596209402
0.29833922535039514
0.29855385791421807
0.29888884457836457
0.29927936194647614
0.299417678179035
0.2995834343849321
0.2997350533472951
0.29994641392817745
0.3000928405846022
0.30032943375002574
0.300515793931852
0.30078337153181833
0.3009882122856402
0.301246129346082
0.301449083080121
0.3016670582598103
0.30185884417909215
0.30196417400520104
0.30232103267665594
0.3024944055214274
0.30277933246300165
0.303204948327417
0.3035473296960746
0.3036959921741184
0.3039686827144371
0.3045310687821454
0.30469559141823493
0.3049048186616142
0.305247781111211
0.30543884942333294
0.3057172566374199
0.3060026624096393
0.3062149688185776
0.30643213068940467
0.3066938745885142
0.3068501650723461
0.3072082058569563
0.3074865584655126
0.3076372022162618
0.30785151454979837
0.308028198403566
0.30816301881530067
0.3085498488724243
0.3091899593394943
0.30937046615048563
0.3095214587413988
0.3097534506436551
0.310031209563976
0.3102274088235885
0.3104631880937817
0.3106682985932241
0.31093566662130717
0.3112064826285316
0.3114109033554718
0.3116877812726531
0.31190867558827035
0.3121698944275261
0.31247860940778477
0.31273905923032336
0.3130252812985358
0.3134603041900008
0.3137051864261091
0.31401641642232886
0.3143100394003362
0.31449920594810044
0.31477835048460073
0.3150951309799776
0.31571956446872085
0.31603724408271616
0.31633814651047154
0.3165456064240669
0.31667676068418954
0.3170580951883478
0.31729163026488844
0.3175486593622507
0.31778577697694427
0.3179696300523147
0.31816757744629937
0.3183905212243473
0.31854815257732005
0.31900614936411437
0.31941826818971925
0.31957002578742116
0.31975415777561844
0.3202854503033402
0.3206198097098423
0.32082995057635766
0.3210613910060452
0.3213642189420331
0.321531745305795
0.32169755926291976
0.32219334691832974
0.3223487417330113
0.3225094224282094
0.32277606609621556
0.3229379007231421
0.3231363926657927
0.32350170243561793
0.3236715887920948
0.32390527135650404
0.32426977908499865
0.3244631148240701
0.324639815772097
0.3247941553114853
0.32500234705320713
0.325230198458197
0.3253874746512607
0.3256867149276384
0.32599456246313324
0.3263531925192068
0.3266280143228022
0.3268931202159972
0.32738647696582923
0.3275027617521176
0.3277738846152308
0.3279367174442876
0.3282272804903225
0.3284871248291339
0.32870977230397214
0.32883780880310687
0.32894849290249756
0.3291139751707258
0.3293481428081575
0.3295753667151022
0.3297870723573316
0.33005390314950234
0.3302470565199462
0.3304846861398754
0.3306771701792611
0.33086307208183025
0.3310965088467832
0.3312305739023709
0.3317226768457093
0.33197959317163095
0.3321400624159718
0.3323855653878809
0.3327633569915435
0.33318259369769265
0.3334458681922433
0.33386211850726355
0.3340721120034639
0.3342927999989449
0.3345756139165356
0.33475068080581655
0.33494056009216744
0.33516138651124344
0.33531940450069136
0.3355627119800773
0.3357883123560013
0.3359441113574816
0.3362147442425039
0.3364487162528735
0.3366899614511702
0.33699411822095343
0.33722433391646417
0.3373931465792246
0.33758572966579214
0.3379651683786198
0.3382740682232099
0.33851531148323416
0.3386907455177986
0.33887851930284385
0.3390971597985985
0.3394288237350905
0.3397231793876022
0.339936145827149
0.34016264728785706
0.34035093385181814
0.34056958065103005
0.3407232237968429
0.3409741135450368
0.34124924909379917
0.34142527026201397
0.341552742862335
0.34199543281949224
0.34222987525996934
0.34241196387224454
0.34263079811379693
0.3428844354678376
0.3430907529346555
0.3432656364672888
0.34347071865818163
0.34366382665024875
0.3439793342527353
0.3441506487011062
0.3444123811019799
0.34464069266476816
0.3452028834199764
0.3454399420150906
0.3455963501878894
0.3457409188392167
0.3460174522261034
0.34657603363781375
0.34683420111041086
0.34697927868039713
0.34721298458551486
0.34750009568500717
0.3476681972685085
0.3482063798121913
0.34857933338872027
0.349071506712813
0.3493623371322099
0.3495649197091283
0.3496589583814085
0.35014374553278615
0.3503933808769712
0.35072466849562883
0.35093409604887105
0.3512027063466679
0.35137759732291873
0.35156093777045727
0.35203422931111594
0.35229941451671914
0.35259774372853864
0.3528454971405496
0.3529832736375473
0.3531444958192667
0.3534003188781277
0.3535978902146951
0.3538678123259602
0.35407543942776415
0.3543793806450021
0.35460937022308514
0.35484853264998456
0.35513512386932256
0.35543075606228286
0.3556365770835782
0.3557749650729095
0.35606929824043104
0.3564098001200513
0.35668456837021933
0.3568692727706514
0.35709012285255654
0.3572895599640317
0.3576590648641146
0.35811042627624495
0.35837497167590054
0.3586130570260144
0.35877440460907023
0.35889425786882084
0.35923474958904095
0.3595633512933
0.3597855043295141
0.3600126206786299
0.36021152118955196
0.36042620682568266
0.36070693755599764
0.36104560433817173
0.36125015106910435
0.3615250779604022
0.36174959548531627
0.3619445462287659
0.36229410785195976
0.36252674925463046
0.3627203773877908
0.3629429995022081
0.36314642744659653
0.3633083744287034
0.36351247433898914
0.36375954876929995
0.36413116860296924
0.36429247505881707
0.3644769774472898
0.36465414512804756
0.36494909209268045
0.36522684922788706
0.36552875244844313
0.3658607258397402
0.36609791671787206
0.3663490085514994
0.3666032783049381
0.36683198142317863
0.3671225444429619
0.3674123855583774
0.36775974201419054
0.3678277254356094
0.3680228086168128
0.3682024221041264
0.3684197196295878
0.36862860037827566
0.3688336672014374
0.36895205778221546
0.3691010617056697
0.3696471722567449
0.36991251216349896
0.37009860259970473
0.3703146571821981
0.3704532477617382
0.3706794293097761
0.3708754930694903
0.37111938719121407
0.3714895597697591
0.3717114696179419
0.37206624479855344
0.372395878833183
0.37267892848650913
0.3728969919227436
0.37322980479026713
0.373501585835504
0.37365312653401167
0.37386828888956974
0.37407408095236055
0.3743445671720584
0.37453730280408515
0.3747209802377734
0.3748878116599844
0.37499686137541627
0.3751540716672191
0.3753462080147451
0.3756098591509179
0.3759570286947686
0.37608009428264827
0.3763240313259326
0.37646608292697814
0.37670137852491725
0.3768938881934761
0.37715669741201596
0.37730262774855217
0.3777668160466033
0.37804063980845437
0.3784492141322111
0.37871813910608526
0.37893001828884443
0.3790575746827978
0.3795623898709698
0.3797624089279335
0.3800482498742542
0.38036989212685823
0.3806654459323018
0.3809789833986997
0.3812919317773959
0.3816590274490189
0.3818902004556279
0.3821500028691191
0.3824956868041409
0.3826108882916265
0.38278455842503173
0.3829948247045652
0.38337249660056655
0.38354685749189815
0.38372700688709205
0.3838828068984285
0.384172370474414
0.3844023448387258
0.38462084074871405
0.384865936667136
0.3851586189062992
0.3854108655250828
0.38570501566431264
0.385882180926302
0.38608294289537826
0.38623308780159843
0.38648062059260646
0.3866601022773983
0.3867979835144005
0.3873278931036142
0.3874594188269318
0.3876500912494531
0.3878630573713837
0.388020914079213
0.388275123355296
0.388560634419085
0.38885856576044087
0.38913276356160015
0.3893438641778079
0.38961635924249205
0.38988791195991734
0.3901830855360262
0.390425149784388
0.390748905454751
0.3909893387912346
0.3912222310128661
0.39153539084884564
0.39203644721645314
0.392320220268864
0.3926287305385212
0.3928819099057507
0.3930336799719192
0.39329125076609606
0.3936910450579308
0.39396808239394315
0.39415796365114236
0.394388656422266
0.39452420079502154
0.39468736060574194
0.39526343534952546
0.39549217754268556
0.39565125729819606
0.39584681450101167
0.39601964960550246
0.39647297595588893
0.39674125454035725
0.39704746799801843
0.3973686666497322
0.3975448617575327
0.397726190469308
0.397879032587413
0.398099309196798
0.39836679712102513
0.3986393960636075
0.39887352640965584
0.39902284875542804
0.3993247626341663
0.3995516024292763
0.39976727439573345
0.39991370565351914
0.4001424642115669
0.4003191036289896
0.4006014161850203
0.4010720956835082
0.40136934403490265
0.4017059259348943
0.4020363416565005
0.4022436004621207
0.40247545627214254
0.40272791466322955
0.40298883551966436
0.40316539442815963
0.4033821191778456
0.40355584202737316
0.4038760037902259
0.404137959054248
0.4044410409227376
0.4047474363570454
0.4051856729791892
0.4053205397791569
0.4055562233166115
0.4058030180574759
0.40610652218424
0.4063536565869784
0.40654798539745907
0.4066799567148734
0.40679901641496563
0.4070010736141979
0.40731041204560753
0.40756838715688715
0.4078626705385236
0.40811977096170066
0.4084181060020167
0.40865157145548775
