0.1793850806451613
0.17964717741935482
0.17976310483870966
0.1798336693548387
0.17993951612903225
0.17998487903225804
0.18023689516129032
0.18057459677419355
0.1807056451612903
0.18081653225806452
0.18094254032258064
0.18099294354838708
0.18114415322580643
0.18152217741935484
0.18165826612903224
0.18170362903225806
0.18183971774193547
0.1819002016129032
0.18206149193548385
0.18246471774193548
0.18256048387096774
0.18267137096774191
0.18282258064516127
0.18286290322580645
0.18306955645161288
0.18333165322580647
0.18346774193548387
0.18350806451612903
0.18359375
0.18365423387096774
0.18395665322580645
0.18428931451612904
0.18443548387096775
0.18454637096774193
0.18466229838709677
0.18470766129032257
0.18478326612903226
0.18518649193548387
0.1853225806451613
0.18546370967741935
0.18551915322580645
0.1855796370967742
0.18573084677419352
0.18601814516129028
0.18615423387096774
0.18618951612903228
0.18625
0.18639112903225805
0.18668850806451612
0.18699092741935483
0.18706149193548388
0.18718245967741937
0.18730342741935485
0.18735383064516128
0.18757056451612902
0.18785282258064515
0.18788306451612902
0.1879939516129032
0.18803427419354837
0.18817540322580645
0.18838709677419355
0.18873487903225805
0.1887953629032258
0.1888306451612903
0.18886592741935482
0.18900201612903225
0.1892641129032258
0.1895766129032258
0.18968749999999998
0.18975806451612903
0.1898891129032258
0.18998991935483872
0.19019657258064515
0.1905040322580645
0.19053931451612902
0.19065020161290322
0.1906804435483871
0.19080141129032258
0.19085685483870965
0.19120967741935485
0.19130040322580646
0.19133064516129034
0.19147681451612902
0.19162802419354838
0.19174395161290322
0.1920967741935484
0.1921875
0.19222782258064516
0.19233870967741937
0.19238911290322583
0.19243447580645162
0.19282762096774195
0.19290322580645164
0.19296875000000002
0.1930443548387097
0.1931350806451613
0.1933921370967742
0.1937752016129032
0.19386592741935485
0.19389616935483872
0.19397177419354839
0.19402217741935482
0.19431451612903225
0.19457661290322578
0.19467741935483868
0.19473286290322578
0.19476814516129032
0.19484375
0.19491431451612903
0.19521169354838705
0.19532258064516125
0.19536794354838707
0.1954435483870968
0.19550907258064518
0.19580645161290325
0.19619959677419357
0.1962701612903226
0.19634576612903226
0.19640625
0.19643649193548388
0.1966431451612903
0.19694556451612902
0.19703629032258063
0.19715725806451612
0.19729838709677416
0.1973588709677419
0.19758064516129029
0.19786290322580644
0.1979737903225806
0.19805443548387094
0.19807963709677417
0.19810987903225805
0.19830645161290322
0.19860887096774194
0.19873991935483873
0.19880040322580647
0.19892137096774196
0.19902217741935482
0.19918850806451613
0.19954637096774194
0.19966733870967743
0.1997127016129032
0.19976310483870968
0.19981350806451614
0.19996471774193553
0.20025201612903226
0.20038810483870967
0.20041834677419357
0.20055947580645161
0.20068044354838713
0.20088709677419359
0.20126512096774196
0.2013256048387097
0.20147177419354842
0.20152217741935485
0.2016179435483871
0.20186995967741939
0.2021622983870968
0.2022328629032258
0.20228326612903227
0.20238407258064517
0.20244959677419355
0.2025352822580645
0.20288810483870967
0.2030141129032258
0.2030695564516129
0.20322076612903225
0.2033719758064516
0.20356854838709676
0.20383064516129035
0.2038709677419355
0.2039616935483871
0.2041078629032258
0.20423387096774193
0.20440524193548387
0.2046622983870968
0.20470766129032258
0.20478326612903228
0.20490423387096776
0.20494959677419353
0.2051663306451613
0.20546370967741936
0.20553931451612903
0.2055745967741935
0.20566028225806451
0.20569052419354839
0.2057459677419355
0.2060181451612903
0.20613911290322579
0.20625
0.2063054435483871
0.20634576612903227
0.20650201612903224
0.20677923387096778
0.2068497983870968
0.20689012096774193
0.20701612903225805
0.20705645161290323
0.20719254032258064
0.20758064516129032
0.20762600806451614
0.20765120967741937
0.20768649193548389
0.2077671370967742
0.20789314516129032
0.2081703629032258
0.2082308467741935
0.20832157258064513
0.20843245967741933
0.20850302419354835
0.20860887096774192
0.20897177419354837
0.20907258064516127
0.2091985887096774
0.20922883064516126
0.2093548387096774
0.2094203629032258
0.20968750000000003
0.20979334677419356
0.20992943548387097
0.21002016129032258
0.21008064516129032
0.21021169354838706
0.21054939516129031
0.21060987903225806
0.21069556451612903
0.21082661290322582
0.21093245967741936
0.21100806451612902
0.2113860887096774
0.21151209677419355
0.21165322580645163
0.21169354838709678
0.21174899193548388
0.21184979838709678
0.21220766129032256
0.21224294354838708
0.21231350806451613
0.21241431451612905
0.2125554435483871
0.21270665322580645
0.21304435483870968
0.21316028225806452
0.2132056451612903
0.21326108870967742
0.21338709677419357
0.2136290322580645
0.2139969758064516
0.2140625
0.21420362903225806
0.21434979838709675
0.21441028225806452
0.2144405241935484
0.2147883064516129
0.21489415322580643
0.21493951612903223
0.21508568548387094
0.21518649193548384
0.21545362903225806
0.2158165322580645
0.21588709677419354
0.21593245967741934
0.21603326612903223
0.21614415322580643
0.21640120967741938
0.21669354838709678
0.2168195564516129
0.21693548387096775
0.2170514112903226
0.21715221774193547
0.21732862903225805
0.21764112903225805
0.2177318548387097
0.21786290322580645
0.21793850806451612
0.21797883064516127
0.21823588709677416
0.2185282258064516
0.21864919354838708
0.2186844758064516
0.2187399193548387
0.2187953629032258
0.21894657258064515
0.21929939516129032
0.21938004032258063
0.21947580645161288
0.2195463709677419
0.21967741935483867
0.21970766129032254
0.2201058467741935
0.22017641129032253
0.22029737903225804
0.220383064516129
0.22052419354838707
0.22063508064516127
0.22101310483870965
0.22113407258064513
0.22126512096774192
0.22130040322580644
0.22133568548387095
0.2214516129032258
0.22175907258064512
0.22183971774193545
0.22198084677419352
0.2221118951612903
0.22218749999999995
0.22230342741935483
0.22265120967741933
0.2227721774193548
0.2228629032258064
0.2229435483870967
0.22299395161290317
0.22318548387096768
0.22358870967741934
0.22370463709677418
0.22383568548387095
0.2239314516129032
0.2239969758064516
0.22407258064516128
0.22444556451612904
0.2245614919354839
0.2247076612903226
0.22478326612903227
0.22492943548387095
0.2250907258064516
0.22534274193548387
0.22547883064516128
0.22557459677419353
0.2257258064516129
0.22584173387096773
0.226078629032258
0.2263760080645161
0.22651209677419357
0.22662298387096771
0.22669354838709674
0.2267439516129032
0.22681955645161286
0.2271774193548387
0.227258064516129
0.22739919354838709
0.22750504032258065
0.22763104838709677
0.22774193548387098
0.22806955645161292
0.22819556451612905
0.22827620967741938
0.22841733870967743
0.22856350806451614
0.22878024193548388
0.22918346774193551
0.22931451612903228
0.22946068548387097
0.22949092741935487
0.22956653225806453
0.22975806451612904
0.23007056451612906
0.2301310483870968
0.23023185483870967
0.23038306451612905
0.23043346774193552
0.23046875
0.23085685483870966
0.2308921370967742
0.23093749999999996
0.2309828629032258
0.2310383064516129
0.23121975806451614
0.23157762096774195
0.23164818548387098
0.23171875
0.23184979838709677
0.23190020161290323
0.23197580645161292
0.2322782258064516
0.23231854838709676
0.23239919354838706
0.23253528225806447
0.23256552419354834
0.23266129032258062
0.23297379032258064
0.23309979838709677
0.2332157258064516
0.23328125
0.23343245967741935
0.2337046370967742
0.23399697580645162
0.23409274193548388
0.23416834677419354
0.23426915322580644
0.23435987903225805
0.23449596774193546
0.23476814516129027
0.23485383064516124
0.23496471774193547
0.23503024193548386
0.23514616935483867
0.23530241935483867
0.23565524193548382
0.23570564516129028
0.2357862903225806
0.23588709677419356
0.23601814516129033
0.23609375
0.23647177419354837
0.23655241935483867
0.23659274193548382
0.236703629032258
0.23680443548387092
0.23708669354838707
0.23738911290322579
0.23745463709677417
0.23755544354838704
0.2376058467741935
0.23768649193548386
0.2377721774193548
0.23803427419354836
0.2380695564516129
0.23813004032258064
0.2382056451612903
0.23825604838709674
0.238351814516129
0.23872983870967737
0.23882560483870965
0.2389415322580645
0.2389969758064516
0.23912298387096773
0.23936995967741934
0.2397227822580645
0.23975806451612905
0.23983870967741938
0.2399647177419355
0.24006048387096776
0.24034274193548388
0.24072580645161293
0.24086189516129033
0.24099798387096774
0.24109375
0.24115927419354838
0.24142641129032258
0.24172883064516132
0.24186491935483873
0.24193548387096775
0.2420110887096774
0.24208165322580644
0.24227318548387095
0.24266633064516133
0.24270665322580645
0.24280241935483873
0.24291834677419355
0.24306955645161288
0.24315020161290318
0.2434828629032258
0.24354334677419354
0.24362399193548384
0.2436844758064516
0.24380040322580646
0.24387096774193548
0.24426411290322578
0.2443094758064516
0.24444052419354836
0.2445211693548387
0.24460685483870967
0.24490423387096774
0.24516129032258063
0.2452116935483871
0.24531754032258066
0.24540826612903227
0.24554435483870968
0.24575100806451614
0.24606854838709682
0.24616431451612905
0.24620967741935487
0.24634576612903228
0.2464717741935484
0.24654737903225807
0.24689012096774193
0.24693548387096775
0.24701612903225806
0.24708669354838708
0.24716229838709675
0.24727318548387092
0.24753528225806448
0.24759576612903225
0.2477016129032258
0.2477671370967742
0.2479032258064516
0.24808467741935483
0.24842741935483872
0.2484929435483871
0.24858366935483872
0.24860887096774192
0.2487298387096774
0.24902721774193548
0.24935987903225806
0.24948084677419355
0.24957661290322583
0.24969758064516132
0.24983870967741936
0.2500403225806452
0.25032258064516133
0.25041834677419356
0.25052923387096776
0.2506048387096774
0.2506703629032258
0.2507510080645161
0.2511088709677419
0.25116431451612903
0.25123991935483875
0.2513407258064516
0.2513709677419355
0.25146673387096774
0.25182459677419355
0.25196572580645166
0.25208669354838714
0.25213709677419355
0.25225806451612903
0.2522983870967742
0.25267137096774195
0.25276209677419353
0.2528931451612903
0.25300907258064514
0.2530997983870968
0.25339213709677416
0.2537802419354838
0.2538356854838709
0.2540171370967742
0.25415826612903225
0.2543094758064516
0.2543699596774193
0.2546774193548387
0.2547328629032258
0.2548135080645161
0.2548588709677419
0.2549092741935484
0.2551764112903226
0.2554334677419355
0.2555594758064516
0.2556401209677419
0.2556804435483871
0.25576612903225804
0.2561189516129032
0.2564465725806452
0.2565675403225806
0.25668346774193546
0.2567641129032258
0.25686491935483874
0.25693548387096776
0.2572832661290323
0.2573639112903226
0.25762600806451613
0.25769657258064516
0.2578578629032258
0.2581149193548387
0.2584274193548387
0.258508064516129
0.25856854838709675
0.2586844758064516
0.25873487903225806
0.2589264112903226
0.2593145161290323
0.25957661290322587
0.2596824596774194
0.2597127016129033
0.2598235887096774
0.26041834677419357
0.2607207661290322
0.2608366935483871
0.2609324596774194
0.26108366935483873
0.2611895161290323
0.2614163306451613
0.2620816532258064
0.2621673387096774
0.26221774193548386
0.26226814516129027
0.2623034274193548
0.2623689516129032
0.2626310483870967
0.2627570564516129
0.26288810483870967
0.26301915322580643
0.2631602822580645
0.26322580645161286
0.2635332661290322
0.2636441532258064
0.2636945564516129
0.2637247983870967
0.26390624999999995
0.26400201612903224
0.2643649193548387
0.26449596774193546
0.26456149193548384
0.26463205645161286
0.2647530241935484
0.2653377016129032
0.2656502016129032
0.2657157258064516
0.2658114919354838
0.2658669354838709
0.2659324596774193
0.26652721774193544
0.2669002016129032
0.26697076612903226
0.26708165322580646
0.2671320564516129
0.2671824596774194
0.26747983870967745
0.26781754032258065
0.2678578629032258
0.2679737903225806
0.26805947580645156
0.26809475806451605
0.26834173387096766
0.26867439516129027
0.268734879032258
0.2688961693548387
0.2689415322580645
0.2690221774193548
0.26917338709677413
0.26944556451612894
0.2695262096774193
0.26957661290322577
0.2696370967741935
0.26976310483870963
0.2700201612903225
0.27073588709677415
0.27079133064516125
0.27092741935483866
0.2710030241935483
0.27130544354838704
0.2713356854838709
0.2717237903225806
0.2718145161290322
0.2719002016129031
0.27194556451612895
0.2719858870967741
0.2722530241935483
0.27262096774193545
0.2727570564516129
0.2728881048387097
0.27293850806451614
0.27299395161290324
0.27315524193548385
0.2734627016129032
0.2735483870967742
0.27370967741935487
0.273820564516129
0.2739415322580645
0.2740120967741935
0.27428427419354834
0.27433971774193544
0.2744657258064516
0.27459173387096775
0.2748538306451613
0.2751360887096774
0.2759324596774193
0.276078629032258
0.27613911290322574
0.2761743951612903
0.27630544354838704
0.2764163306451613
0.2767086693548387
0.2768195564516129
0.2770010080645161
0.2770816532258064
0.2771622983870967
0.2772479838709677
0.27752016129032253
0.27760080645161284
0.27771169354838704
0.27776713709677414
0.27783770161290317
0.2780745967741935
0.27873991935483866
0.2790020161290322
0.2791028225806451
0.2791784274193548
0.2792943548387096
0.2795362903225806
0.27990927419354833
0.2801915322580645
0.28031754032258066
0.2804284274193548
0.28052419354838704
0.2811088709677419
0.2816733870967741
0.2817137096774193
0.28175403225806445
0.2818951612903225
0.28196068548387093
0.282016129032258
0.28230846774193546
0.2825302419354838
0.2826512096774193
0.28278225806451607
0.28285786290322573
0.28296874999999994
0.2833215725806451
0.2836239919354838
0.2836844758064515
0.28381048387096763
0.28392137096774184
0.28409274193548373
0.2844606854838709
0.28454133064516124
0.28460685483870957
0.28469254032258057
0.28481350806451605
0.28538810483870963
0.2856703629032257
0.2858114919354838
0.28594254032258054
0.28614415322580633
0.2862096774193547
0.2866129032258064
0.28695564516129024
0.2870362903225806
0.2871824596774193
0.2872530241935483
0.2873235887096774
0.2873639112903225
0.28803931451612896
0.2881703629032258
0.28830141129032255
0.288351814516129
0.2886441532258064
0.2887903225806451
0.28909778225806443
0.28916834677419345
0.28931451612903214
0.2894052419354837
0.2894858870967741
0.2898891129032257
0.29016129032258065
0.29030745967741933
0.2904485887096774
0.29060987903225804
0.2906804435483871
0.29084173387096773
0.2915977822580645
0.29171874999999997
0.2919002016129032
0.29201108870967746
0.2920564516129033
0.2922479838709678
0.29254032258064516
0.29259576612903226
0.29266129032258065
0.2928024193548387
0.29301411290322577
0.29330645161290314
0.2936441532258064
0.29392641129032254
0.2941179435483871
0.29434979838709674
0.294601814516129
0.2947379032258064
0.2950403225806451
0.29513608870967734
0.29526209677419346
0.2953528225806451
0.2954889112903225
0.29601310483870963
0.2965776209677419
0.296703629032258
0.29689516129032256
0.29701612903225805
0.2970967741935484
0.2976512096774193
0.29795866935483867
0.2980141129032258
0.2981552419354839
0.2984173387096774
0.29853326612903225
0.29881552419354834
0.29911794354838706
0.2992993951612903
0.29940020161290315
0.29952116935483863
0.29979334677419345
0.29999495967741935
0.3006401209677419
0.30069052419354836
0.3007963709677419
0.3008719758064516
0.3009425403225806
0.30103326612903225
0.3014112903225806
0.30152721774193547
0.3015877016129032
0.3017489919354838
0.3018397177419355
0.301960685483871
0.3024747983870968
0.3027469758064516
0.30285786290322575
0.30304939516129026
0.3031300403225806
0.3033316532258064
0.30404737903225804
