0.21824354838709673
0.2184940860215053
0.2186077956989247
0.21881182795698917
0.21930537634408595
0.2195631720430107
0.21996290322580642
0.22014005376344079
0.22031048387096766
0.22045591397849457
0.2208948924731182
0.2210860215053763
0.2211430107526881
0.22128118279569886
0.22145806451612896
0.22165913978494617
0.22195161290322574
0.22226424731182787
0.22227553763440852
0.22229838709677413
0.22253333333333328
0.2228424731182795
0.22322446236559132
0.2233959677419354
0.22350994623655907
0.22374892473118274
0.22377446236559134
0.22409462365591393
0.22460994623655908
0.22486182795698917
0.2250422043010752
0.22525188172043004
0.22545322580645155
0.2255935483870967
0.22590376344086016
0.2260131720430107
0.22642983870967734
0.22676370967741927
0.226768817204301
0.22686021505376336
0.22725295698924722
0.22736344086021495
0.22751397849462354
0.22786586021505364
0.22823064516129024
0.22857231182795693
0.2289115591397849
0.22903575268817197
0.22939086021505367
0.2297427419354838
0.2297696236559139
0.22990645161290316
0.23041397849462358
0.23080403225806445
0.23116236559139777
0.2311916666666666
0.2313897849462365
0.23169999999999993
0.23202473118279562
0.23242392473118276
0.23269408602150532
0.23301586021505372
0.23317661290322572
0.23349623655913973
0.23377580645161283
0.2339956989247311
0.23403037634408597
0.23422526881720424
0.23439086021505368
0.23447258064516124
0.23477069892473115
0.2348120967741935
0.2348376344086021
0.23507956989247308
0.23522419354838706
0.23527096774193546
0.23574301075268814
0.23612284946236556
0.2365099462365591
0.2369069892473118
0.2371395161290322
0.23748172043010748
0.23801639784946235
0.23838978494623653
0.2386819892473118
0.23899677419354837
0.23935026881720425
0.23975322580645156
0.2400604838709677
0.24007526881720426
0.24011639784946234
0.2401268817204301
0.2404838709677419
0.24056666666666665
0.2410599462365591
0.2413620967741935
0.24155026881720426
0.2416056451612903
0.24177661290322577
0.2420795698924731
0.2424594086021505
0.24254193548387093
0.24264784946236553
0.242813440860215
0.2430838709677419
0.24338844086021502
0.24378360215053763
0.2441061827956989
0.24439139784946234
0.24477661290322578
0.24504704301075264
0.24530672043010748
0.24567096774193542
0.2457247311827956
0.24598064516129023
0.24622768817204294
0.24645376344086015
0.2468193548387096
0.24719139784946229
0.24752150537634401
0.24780994623655908
0.24821021505376337
0.24847607526881713
0.24876666666666658
0.24927741935483866
0.24931586021505373
0.24965268817204297
0.24989999999999996
0.2501319892473118
0.25021370967741935
0.2504970430107527
0.25051559139784946
0.2506822580645161
0.25102123655913977
0.25129327956989245
0.25165913978494625
0.2520091397849462
0.2522129032258065
0.25240268817204303
0.2525779569892473
0.25280510752688173
0.2531873655913978
0.25366370967741936
0.25380779569892475
0.25425752688172043
0.25438682795698925
0.2545352150537634
0.2547322580645161
0.2551841397849462
0.25551693548387094
0.2555817204301075
0.2557935483870967
0.2561077956989247
0.256288440860215
0.2567473118279569
0.2569502688172043
0.2573061827956989
0.2575577956989247
0.25761236559139783
0.257894623655914
0.2582798387096774
0.25855833333333333
0.2587510752688172
0.25896559139784947
0.259102688172043
0.2594344086021505
0.25985913978494624
0.2599551075268817
0.26038978494623655
0.2607422043010753
0.26081129032258066
0.26120295698924734
0.2616610215053764
0.26198629032258064
0.26202876344086024
0.26222741935483873
0.2622454301075269
0.26232204301075274
0.2626663978494624
0.26295161290322583
0.2632091397849462
0.2633736559139785
0.2634610215053763
0.263847311827957
0.26412688172043003
0.26427069892473115
0.2645190860215053
0.26467553763440854
0.26476801075268813
0.26487123655913974
0.2652577956989247
0.26544032258064515
0.2656091397849462
0.26561586021505373
0.2656782258064516
0.26582580645161286
0.26635188172043006
0.2665362903225806
0.2668709677419354
0.2671018817204301
0.2672795698924731
0.26766236559139783
0.26817123655913977
0.2685037634408602
0.268827688172043
0.2691881720430107
0.2695790322580645
0.2696586021505376
0.27018682795698923
0.27030295698924733
0.2704798387096774
0.2708827956989247
0.27124596774193543
0.2716309139784946
0.27200860215053757
0.2724034946236559
0.2726534946236559
0.27276720430107526
0.27291666666666664
0.27314193548387095
0.27347419354838703
0.27367661290322576
0.2737833333333333
0.27387688172043007
0.27402849462365586
0.2743392473118279
0.27464005376344086
0.27497795698924726
0.2754387096774193
0.2757325268817204
0.27582231182795697
0.27588709677419354
0.2762352150537634
0.276358064516129
0.2765456989247312
0.27686747311827953
0.2770672043010752
0.277230376344086
0.277730376344086
0.2780392473118279
0.2783177419354838
0.2783370967741935
0.27844892473118277
0.27851209677419353
0.2789793010752688
0.27900456989247313
0.2793282258064516
0.2797287634408602
0.280097311827957
0.280291935483871
0.28066639784946235
0.28078897849462364
0.28098413978494624
0.28133924731182797
0.2816844086021505
0.2816943548387097
0.2821166666666667
0.2821239247311828
0.28255887096774196
0.282847311827957
0.2831008064516129
0.2832494623655914
0.283544623655914
0.2836204301075269
0.28386720430107526
0.28398306451612904
0.28399274193548385
0.28408736559139786
0.28443682795698927
0.28473763440860217
0.2849658602150538
0.28507150537634407
0.2853368279569892
0.28546344086021513
0.28587446236559133
0.2860645161290322
0.28647526881720425
0.28649032258064516
0.28666586021505375
0.286680376344086
0.2872043010752688
0.28729166666666667
0.28764999999999996
0.2879806451612903
0.2881701612903225
0.28820161290322577
0.28873629032258064
0.2889180107526882
0.2893163978494624
0.2894809139784946
0.28951424731182795
0.2895666666666667
0.28985645161290324
0.29023145161290326
0.2905518817204301
0.29082715053763436
0.2910319892473118
0.29135161290322575
0.29163306451612897
0.291958064516129
0.29222661290322577
0.29231559139784946
0.2926182795698924
0.292705376344086
0.29301962365591394
0.2933422043010752
0.29378790322580645
0.2939422043010752
0.2939698924731182
0.29405940860215046
0.2945534946236559
0.2946225806451612
0.2946889784946236
0.29475215053763437
0.29513924731182795
0.2952115591397849
0.29554327956989246
0.29568897849462367
0.2959336021505376
0.2961403225806451
0.2962967741935484
0.2966430107526882
0.2970991935483871
0.2974478494623656
0.29747822580645156
0.2977354838709677
0.29783629032258063
0.2978392473118279
0.29821290322580646
0.29826559139784947
0.29853978494623656
0.2989387096774193
0.2993241935483871
0.2995887096774193
0.3000091397849462
0.30008198924731183
0.30012446236559137
0.3001314516129032
0.30026747311827956
0.3004927419354838
0.30092150537634405
0.3012051075268816
0.3015569892473117
0.30174677419354834
0.3018180107526881
0.3018427419354838
0.30223306451612897
0.3025852150537634
0.3029790322580645
0.3032736559139784
0.3034513440860214
0.3038516129032257
0.30415026881720425
0.3044037634408602
0.3046862903225806
0.3048537634408602
0.3051822580645161
0.30552446236559133
0.30590107526881716
0.30594596774193544
0.3060653225806451
0.3062690860215053
0.3064860215053763
0.3067978494623655
0.30715833333333326
0.30741209677419346
0.3076790322580645
0.3077086021505376
0.30775752688172037
0.30816048387096767
0.308559946236559
0.30865053763440853
0.30888064516129027
0.30893817204301066
0.30896048387096764
0.3090115591397849
0.3094446236559139
0.3094685483870967
0.30982956989247307
0.3099142473118279
0.31008763440860204
0.3104666666666666
0.3109424731182795
0.31122741935483866
0.31136935483870964
0.3117279569892472
0.31184892473118275
0.312118817204301
0.31243467741935477
0.31267419354838705
0.313030376344086
0.31306801075268814
0.31344543010752685
0.31372016129032254
0.3139927419354838
0.31417634408602146
0.3146086021505376
0.31492715053763437
0.31497688172043004
0.3150682795698924
0.31542284946236554
0.3154532258064516
0.3159037634408602
0.31623978494623656
0.3162717741935484
0.3163610215053763
0.3167373655913978
0.3171123655913978
0.3173663978494623
0.3176177419354838
0.3178212365591397
0.3180612903225806
0.31837580645161284
0.31872016129032255
0.31917016129032255
0.3194887096774193
0.31965161290322575
0.3198852150537634
0.32038360215053757
0.32072365591397844
0.3211311827956989
0.32131612903225804
0.3213768817204301
0.3216819892473118
0.3221322580645161
0.3223475806451613
0.32271935483870967
0.3229540322580645
0.32326935483870967
0.32353897849462365
0.32394193548387096
0.3239456989247312
0.3242594086021505
0.32459758064516125
0.3246416666666666
0.3248862903225806
0.32518333333333327
0.32547741935483865
0.32581317204301075
0.3258368279569892
0.3260268817204301
0.3262174731182796
0.32650430107526884
0.32669220430107526
0.32705860215053767
0.32734435483870966
0.3276352150537635
0.3276518817204301
0.32805161290322576
0.32831263440860214
0.3283524193548387
0.3283889784946237
0.328514247311828
0.3285336021505376
0.32903924731182793
0.329316129032258
0.32977822580645155
0.3299532258064516
0.33006774193548377
0.3302365591397849
0.33051827956989244
0.33075134408602147
0.3308430107526881
0.33096801075268817
0.33133548387096773
0.33139166666666664
0.3316975806451612
0.33184005376344083
0.33223790322580643
0.3325629032258064
0.33269892473118273
0.33310134408602143
0.3336123655913978
0.3336333333333333
0.33379650537634403
0.3338481182795699
0.3340241935483871
0.33439838709677416
0.3348365591397849
0.33497849462365586
0.3350018817204301
0.3350715053763441
0.33536559139784944
0.33570483870967743
0.33610940860215055
0.33639327956989246
0.3365069892473118
0.3367413978494624
0.3370201612903226
0.3370739247311828
0.3374271505376344
0.3374454301075269
0.33789758064516134
0.33821666666666667
0.3383174731182796
0.33855483870967745
0.3389301075268817
0.3391478494623656
0.3395997311827957
0.3396672043010753
0.33979973118279566
0.34002903225806447
0.340383064516129
0.3406529569892473
0.3409260752688172
0.34106290322580646
0.34132043010752683
0.34149139784946236
0.34176693548387094
0.3421247311827957
0.3425309139784946
0.3426467741935484
0.34290349462365594
0.3430013440860215
0.3434852150537634
0.34360645161290315
0.343783064516129
0.3440220430107527
0.34436612903225805
0.344639247311828
0.3449185483870968
0.34515080645161295
0.3453838709677419
0.3455422043010753
0.3459448924731183
0.34615586021505385
0.3465617741935484
0.346770376344086
0.34707521505376343
0.34715720430107533
0.34724967741935486
0.3476751612903226
0.34808537634408604
0.34818215053763446
0.34837704301075273
0.34859559139784946
0.34881629032258066
0.3491004301075269
0.3494851075268818
0.3497552688172043
0.349942688172043
0.3501359677419355
0.35035021505376346
0.35061741935483876
0.3509803225806451
0.3511961827956989
0.35150290322580646
0.35179
0.3521808602150537
0.3522344086021505
0.3525193548387097
0.35288967741935484
0.35331037634408596
0.3536547311827956
0.353732688172043
0.3539466666666667
0.3544813440860215
0.3545308064516129
0.3549399462365591
0.3550187096774194
0.3553909677419355
0.3554406989247312
0.3558958064516129
0.35592080645161284
0.35609499999999994
0.3563388172043011
0.3566436559139785
0.3568081720430107
0.35730198924731177
0.3575581720430107
0.35760064516129025
0.3576070967741935
0.35786946236559136
0.35819473118279566
0.358705752688172
0.358788817204301
0.3589699999999999
0.35929419354838704
0.35952833333333334
0.35974994623655915
0.3600822043010753
0.3604520967741936
0.3607077419354839
0.361031935483871
0.36131311827956997
0.36155209677419364
0.361879247311828
0.36195602150537637
0.36241758064516133
0.3627025268817205
0.362759247311828
0.36301784946236565
0.3632890860215054
0.3633677956989248
0.3638174731182796
0.3638478494623656
0.3639889784946237
0.36435430107526884
0.3646467741935484
0.3647903225806452
0.365198064516129
0.3652039784946236
0.36556795698924727
0.36583704301075265
0.3663714516129032
0.36651016129032254
0.3666410752688171
0.36685021505376336
0.3671262903225806
0.3674706451612903
0.3679663440860214
0.36830774193548377
0.36846177419354836
0.3687147311827956
0.3690026344086021
0.3693165053763441
0.3697318279569893
0.36983586021505377
0.37041392473118284
0.37075935483870964
0.37109833333333325
0.371105752688172
0.37144231182795695
0.3715554838709677
0.37178962365591395
0.37180607526881715
0.3720915591397849
0.37221736559139784
0.3726791935483871
0.372776935483871
0.37320731182795697
0.37344870967741933
0.37360919354838706
0.37397827956989244
0.3743968279569892
0.37443150537634406
0.37455946236559134
0.37456241935483864
0.37480112903225804
0.3751320967741935
0.3755724193548387
0.3756767204301075
0.3757017204301076
0.37607725806451614
0.3761904301075269
0.37632913978494625
0.3767862365591398
0.3769981720430108
0.3773231720430108
0.3775667204301076
0.377668870967742
0.37794575268817204
0.378365376344086
0.3787789247311828
0.37926021505376345
0.3797269892473118
0.37995306451612904
0.3803138172043011
0.38084688172043013
0.38092295698924733
0.3811036021505377
0.3814581720430108
0.38183693548387104
0.38202274193548397
0.38246064516129036
0.38258419354838713
0.38259682795698924
0.38268607526881715
0.38307897849462363
0.3832550537634408
0.383748064516129
0.38377413978494623
0.3841580107526882
0.3842051075268817
0.3845954301075269
0.3847172043010753
0.3851706989247312
0.38530860215053764
0.38555887096774194
0.38595725806451614
0.3860656451612903
0.3864363440860215
0.38686833333333337
0.3869266666666667
0.3874240860215054
0.3876437634408602
0.3878940322580645
0.3881311290322581
0.3886219892473119
0.38899913978494627
0.3890547849462366
0.38938166666666674
0.3896636021505377
0.39002193548387104
0.39036521505376354
0.3903743548387097
0.3904918279569893
0.390683494623656
0.390769623655914
0.39084919354838715
0.3912411290322581
0.39142876344086025
0.39181747311827964
0.39214838709677424
0.3923682795698925
0.3926470430107527
0.3930806451612904
0.39320225806451614
0.3935458064516129
0.3937070967741935
0.3940609677419355
0.39411129032258063
0.39460999999999996
0.3949255913978494
0.39505365591397845
0.39520043010752687
0.3952920967741935
0.3952982795698925
0.39592150537634413
0.3960981182795699
0.39635295698924733
0.39681263440860215
0.3972197311827957
0.397452311827957
0.39794478494623653
0.3980641397849462
0.398332688172043
0.39847489247311824
0.3988552688172043
0.3990447849462365
0.3993625268817204
0.3998383333333333
0.3998883333333333
0.400121129032258
0.4005136021505376
0.400598440860215
0.4011752150537634
0.40151258064516127
0.4017441935483871
0.40208193548387094
0.40252516129032256
0.4026451612903226
0.40308602150537637
0.4030989247311828
0.40310887096774195
0.40336962365591394
0.40357983870967734
0.4036456989247311
0.4042766666666667
0.40462279569892473
0.40503543010752685
0.40540478494623655
0.4056302688172043
0.40598446236559144
0.4065457526881721
0.4066818817204302
0.4069953225806452
0.40723483870967747
0.40741279569892475
0.40761602150537635
0.40825053763440866
0.4085139784946237
0.40858172043010754
0.4088581720430108
0.4091544086021505
0.4092082795698924
0.4095734408602151
0.4096202150537634
0.4097776344086021
0.4098905376344085
0.4101193010752688
0.4105470430107526
0.4109370430107526
0.41117145161290314
0.41123086021505373
0.41124456989247304
0.41167940860215047
0.41176263440860206
0.41213225806451603
0.41231645161290315
0.4126758064516129
0.41305387096774193
0.4131939247311827
0.4132890860215053
0.4137579032258064
0.41388048387096776
0.41401596774193544
0.4142447311827957
0.414486935483871
0.41496500000000003
0.415513064516129
0.415523064516129
0.4156402688172043
0.41601284946236555
0.4162744623655913
0.4165314516129031
0.41691822580645155
0.4173214516129031
0.41779532258064506
0.41806016129032253
