0.13836421538734178
0.13849712549320078
0.13869518761173574
0.1388821738881158
0.1389772958266227
0.13913431217717181
0.1393838443857208
0.13953434553500232
0.1398014687869738
0.13998519746272006
0.14015198661517056
0.14024385095304367
0.14051423180564898
0.14060544462339536
0.14099375061894417
0.14111558488264825
0.14121591898216926
0.14130908636029588
0.14151692128073223
0.14159184609530961
0.14190066663539375
0.14199774313428096
0.14219189613205535
0.14233327599956225
0.1425704293257028
0.1426394904591393
0.142987402206829
0.1431541913592795
0.14324214657639206
0.14332684419287087
0.1436480436153634
0.14381548428794066
0.14405719825496852
0.14418815380044722
0.14437123095606672
0.1444885045788835
0.14467483933513678
0.14478234015605215
0.14511266086031935
0.14524817704668538
0.1453693597902627
0.14552833070119206
0.14575180210467065
0.1459198942973747
0.14622415419657148
0.14628995772937423
0.14637400382572624
0.1465577325014725
0.1468685076019369
0.14695255369828888
0.14725290447672515
0.14743207251158405
0.14757214933883742
0.1477343778504006
0.1479324399689356
0.14802495582693545
0.14832204900473792
0.1484758077546532
0.14859177833721643
0.14877485549283592
0.14906282738886376
0.14924785910486352
0.14955211900406035
0.1497371507200601
0.14992869763732747
0.15001339525380622
0.15032482187439739
0.150499429268369
0.1508870837437911
0.15103302425218523
0.15117766172032593
0.1513705116778468
0.1515262249881424
0.15171777190540975
0.15198033451649393
0.15215689647084582
0.15226504881188793
0.15240577715926804
0.15257712695260583
0.15276737082961966
0.15303710016209823
0.15315176770440794
0.15334396614180207
0.15350619465336526
0.1536703777253087
0.15384237903877326
0.1542306850343221
0.15434339801625155
0.1544267925924768
0.15452973277250484
0.15472388577027923
0.15479620450434958
0.15510893416519425
0.15523663211003916
0.15542492142667272
0.15561907442444714
0.15589662199844678
0.15606406267102407
0.15638656513377017
0.15651947523962917
0.15662632454041775
0.15680418953502315
0.15691755403707935
0.15698922125102294
0.15721920785576915
0.15738990612898018
0.157577543925487
0.15764660505892353
0.15794825887761327
0.15808051746334553
0.15832027686999312
0.15841670184875353
0.1585222481092886
0.15859000620247163
0.15879197744176715
0.15896658483573875
0.15929560249975244
0.1594747705346114
0.15966762049213226
0.15984939460749822
0.16006569928958247
0.16014257866454013
0.1603790804705539
0.16056736978718752
0.16071852245659576
0.16078497750952528
0.1608976904914547
0.16096479706451094
0.16133551201663723
0.16149122532693283
0.1616130595906369
0.16180590954815777
0.16197335022073503
0.1621505636952137
0.16245873271517106
0.16265093115256518
0.16273171964828337
0.1629160998441564
0.163022949144945
0.1631962534986631
0.16353569548470492
0.1636888027144935
0.16384256146440881
0.16398133525140862
0.1640966543138451
0.1642178370574224
0.164490172470408
0.1646452342605768
0.1647879171683372
0.16497946408560457
0.16508370730588612
0.16524593581744929
0.16554172595499825
0.16563684789350516
0.16571242422820928
0.16581080376735002
0.16588247098129358
0.16607662397906797
0.1663658989153493
0.16652226374577167
0.16662715848617998
0.16681870540344737
0.1671399048259399
0.16723437524432005
0.1674330888829818
0.16756208986808024
0.1677549398256011
0.16786830432765731
0.16816670054571325
0.1682761559270089
0.16860777967152962
0.1687055076905436
0.1688885848461631
0.16900520694885307
0.16931467900906397
0.16941305854820468
0.16963392387117623
0.16981960710730276
0.16989257736149985
0.16997010825658426
0.17021442830411918
0.1703564596917528
0.17056168853168213
0.1707454172074284
0.17084314522644234
0.17096693405052668
0.171204738896794
0.17136110372721636
0.1716503786634977
0.17176309164542716
0.1719285777576241
0.17201522993448315
0.17208950322893377
0.1722087314121308
0.17256446140134163
0.17266935614174994
0.17283679681432723
0.17301270724855233
0.1732218452092422
0.1733332551509181
0.17359712080225584
0.1737671675553401
0.17391050198322727
0.1739991087204666
0.1742401711673677
0.17437242975309994
0.17464476516608554
0.17475356902725442
0.17492361578033871
0.17508779885228218
0.17539531635211275
0.17548001396859156
0.1757086975330842
0.17581554683387282
0.17588982012832344
0.17606898816318237
0.17624229251690046
0.1763563085390834
0.17659215882497045
0.17672637197108296
0.17689707024429402
0.17700587410546287
0.17727039127692734
0.17739548314126521
0.1777629404927577
0.177900411239504
0.17809195815677137
0.17824571690668667
0.1785317342423342
0.17862555314058762
0.1790073439348688
0.17911028411489685
0.17930052799191074
0.17949468098968513
0.17957025732438928
0.17966407622264266
0.17987972938460017
0.18004847309743094
0.180118837271121
0.18020809552848707
0.18036576339916294
0.1805507951151627
0.18076579675699342
0.1809149948660214
0.18103357152909166
0.18112739042734505
0.18120231524192243
0.1813241495056265
0.1815847575563304
0.18171375854142885
0.1818199563220907
0.18193397234427364
0.18200433651796372
0.18213333750306213
0.18252034045835744
0.18263109887990658
0.18272035713727267
0.1828949645312443
0.18310410249193415
0.18328848268780717
0.18361163667068
0.18370871316956722
0.18387029016100362
0.18403121563231328
0.18415956509728496
0.1842253686300877
0.1845263709286507
0.18459999270297456
0.18469902376224206
0.18488079787760803
0.1849700561349741
0.18505345071119933
0.18543589302560734
0.1855518636081706
0.18572907708264924
0.1858880479935786
0.18611021635680366
0.18619100485252188
0.1865069921140004
0.18662426573681715
0.18680343377167605
0.18693569235740828
0.18722170969305582
0.18738133212411195
0.18774422883471714
0.18786410853804095
0.1879572759161676
0.18812145898811108
0.18821723244674474
0.18841008240426566
0.18865505397192733
0.18875603959157508
0.18888894969743408
0.18902251132341982
0.18921145216018015
0.18938605955415178
0.1895991066356022
0.1897593805867851
0.18993463950088343
0.19009361041181286
0.19028450580895345
0.19043761303874202
0.1907972521487134
0.19088651040607948
0.19095492001938924
0.19106828452144542
0.19114646693665663
0.19133149865265636
0.19159275822348704
0.19175628977530376
0.19183772979114871
0.1919204728472472
0.19208856503995123
0.19227424827607778
0.19250097728019014
0.19265538755023218
0.19281435846116157
0.19290101063802062
0.1931492398063161
0.19329713487509056
0.1936417890221465
0.19380075993307586
0.19386721498600537
0.1940248828566812
0.19417342944558244
0.19426920290421612
0.19447312870389194
0.19457476584366643
0.19470767594952545
0.19488554094413083
0.19514614899483473
0.19527710454031344
0.19554553083253848
0.19569407742143968
0.1957865932794396
0.1959012608217493
0.19606544389369274
0.19614818694979125
0.19638208267529797
0.1965749326328189
0.1966850395342413
0.19681664659984677
0.19691763221949452
0.19703034520142396
0.19727661980933917
0.19740757535481787
0.19759586467145143
0.19770271397224004
0.19802130731422554
0.1982148087918732
0.198535356694239
0.19860116022704172
0.19870410040706976
0.19888326844192872
0.1991686342574495
0.19935040837281545
0.19960645578263206
0.19970809292240657
0.19987944271574437
0.2000605653109836
0.2002416879062228
0.20039544665613812
0.20070622175660252
0.20081241953726436
0.20091145059653187
0.20103263334010915
0.2011342704798837
0.20129389291093983
0.20153430383771417
0.20162812273596759
0.20180273012993918
0.20196365560124885
0.20210633850900922
0.2022008089273894
0.20253178115178336
0.20271550982752962
0.2028731776982055
0.2029435418718955
0.203140300950177
0.20329145361958526
0.20349928854002164
0.20356509207282436
0.2037364418661622
0.20384654876758457
0.20399900447724634
0.20409738401638705
0.20440164391558385
0.20454628138372455
0.20465313068451313
0.20476323758593554
0.20483620784013262
0.20500234547245635
0.2053320146565968
0.2054440761183995
0.20557047102299086
0.20575094209810332
0.2060063379877931
0.20618224842201827
0.2065314632099615
0.20666828243658106
0.20677448021724287
0.20691846616525678
0.20704616411010168
0.20724162014812963
0.20760907749962212
0.2076963811966079
0.20787098859057954
0.20805406574619903
0.20816547568787494
0.20826450674714242
0.20850947831480407
0.20869776763143766
0.20887758718642335
0.20902027009418375
0.2091082253112963
0.20917728644473285
0.20942942473378887
0.20958969868497174
0.20970501774740824
0.20980795792743628
0.21000732308622475
0.21011742998764718
0.21048879645990023
0.21067773729666056
0.21077546531567454
0.2109702698335757
0.21116702891185715
0.21135010606747665
0.2116875934931382
0.21180747319646198
0.21196318650675758
0.2120667782069124
0.21232543169723603
0.21245769028296826
0.21284469323826355
0.21291245133144654
0.21298086094475632
0.21317110482177018
0.21338740950385443
0.2135789564211218
0.21394315617198048
0.21411646052569855
0.2142239613466139
0.21435491689209266
0.21454320620872622
0.2146383281472331
0.21485332978906385
0.21500578549872562
0.2151230591215424
0.2152357721034718
0.21532698492121818
0.21544751614466873
0.21571398787651347
0.21589380743149916
0.21607167242610456
0.21620523405209036
0.21627299214527337
0.2164241448146816
0.2166801922244982
0.2168150568907375
0.21697142172115982
0.21711149854841316
0.21717925664159615
0.21732584867011712
0.21759557800259566
0.2176724573775533
0.21775976107453912
0.21782817068784888
0.21793892910939802
0.21801776304473594
0.218353947430144
0.21842626616421434
0.2185950098770451
0.218671237731876
0.21880349631760826
0.21892337602093204
0.2192934394529316
0.21936184906624137
0.21948563789032574
0.21962701775783258
0.21973386705862116
0.21985439828207173
0.22023488603609942
0.2203599779004373
0.22045444831881747
0.22063426787380316
0.22090204264590144
0.22108186220088713
0.22133009136918258
0.22140501618375996
0.22150209268264717
0.22159265398026676
0.22179397369943554
0.22187150459451993
0.22214644608801254
0.22226306819070255
0.22236014468958973
0.22253670664394165
0.2226943745146175
0.2227927540537582
0.22313024147941976
0.22329377303123646
0.22338368280872933
0.22347489562647568
0.2238000041697288
0.22392248995355962
0.2241609463199537
0.224347281076207
0.2244997367858688
0.22456554031867154
0.2248235422888684
0.22497925559916399
0.225280257897727
0.22546333505334645
0.22554347202893793
0.22567703365492367
0.22592917194397968
0.22603667276489506
0.22640413011638755
0.2265859042317535
0.22669079897216185
0.22686084572524617
0.22710516577278106
0.22717292386596408
0.2274237591147666
0.227650179855694
0.22777527172003187
0.22791860614791903
0.22800851592541185
0.22813686539038353
0.22838379151842544
0.22860922782134885
0.22872063776302476
0.2288333507449542
0.22894606372688367
0.22910177703717924
0.22940277933574224
0.22955849264603784
0.22966469042669968
0.22978326708976995
0.23000870339269333
0.2300823251670172
0.23032599369442533
0.2304041761096365
0.2305439663062091
0.23065472472775825
0.23083584732299745
0.2309837423917719
0.2312104713958843
0.23135419934447304
0.23147212448741655
0.23171331179840443
0.23201952625798153
0.2321856638903053
0.23255898492293864
0.23269515262943144
0.2328704115435298
0.2330352461356
0.23317336840247307
0.23329976330706445
0.23382446876321364
0.2339593334294529
0.2341391529844386
0.23429877541549474
0.23452027396640202
0.2346903207194863
0.234986762377162
0.23515290000948574
0.23532424980282354
0.23546823575083745
0.23556270616921762
0.23579306466216116
0.23613771880921708
0.23626085611317466
0.23638399341713226
0.23653449456641373
0.23684396662662463
0.2369664524104555
0.23717884797177918
0.23742200415877515
0.23749888353373277
0.23767349092770443
0.23778620390963387
0.23790152297207032
0.23814779757998553
0.2382611620820417
0.2384207845130978
0.2385763257177349
0.23884149440932612
0.2389366163478331
0.23926758857222705
0.239351634668579
0.2394780295731704
0.23973201457821072
0.24012874309383572
0.24028575944438482
0.240580898061807
0.24070924752677866
0.24078091474072225
0.24088190036037002
0.24112308767135793
0.24123840673379437
0.2415231210291884
0.24160000040414606
0.241714016426329
0.24190621486372316
0.24214923187100454
0.24225477813153962
0.2426033413993561
0.24274276670648268
0.24286590401044025
0.24295451074767963
0.24313889094355262
0.24328222537143976
0.24357931854924222
0.2437132021177906
0.24378356629148062
0.2438734760689735
0.24417963628822753
0.24431645551484713
0.2446044274108749
0.24484955247387893
0.24494858353314644
0.24512775156800537
0.24541311738352614
0.24563067818241727
0.2459518776049098
0.24609521203279697
0.24626460726575447
0.24655698535295206
0.24685538157100803
0.2470358526461205
0.24734402166607783
0.24748409849333117
0.2476332966023592
0.24778184319126043
0.248054178604246
0.24820011911264017
0.2484848334080342
0.2486344679846471
0.2488188481805201
0.24901169813804097
0.2490827138318578
0.24921823001822382
0.24945864094499817
0.24956791356344576
0.24971361038804252
0.24983961845255867
0.25001813496729086
0.2501979545222765
0.25058235139706475
0.25067747333557167
0.2508501261691631
0.251093282356159
0.2514742598637195
0.2516544120184574
0.2519528082365134
0.25206877881907663
0.252211461726837
0.252344371832696
0.25251832770654087
0.2525978131620055
0.2529320429870333
0.25316535479398894
0.253300870980355
0.2535489493573711
0.2536786018625963
0.253744405395399
0.2541184918369313
0.25419537121188895
0.254279417308241
0.2543927818102972
0.25447357030601536
0.2545995783705315
0.2550031979521847
0.25513936565867745
0.255325048894804
0.2554130041119166
0.25571009728971905
0.2558807955629301
0.25637990563097446
0.2564750275694814
0.2565538615048193
0.25661966503762207
0.25699768923117045
0.2572841606903438
0.25755389002282236
0.25770113357147006
0.2578001646307375
0.2578783470459487
0.2580386209971316
0.2581076821305681
0.2585802123725036
0.2587691532092639
0.25895353340513694
0.25911185279593957
0.2592636569854746
0.2593424909208125
0.2596427445120424
0.25980497302360556
0.2598785947979294
0.2599613378540279
0.26023693086764726
0.2604095837012386
0.2606069942996468
0.2607027677582805
0.26089170859504085
0.2611191137739723
0.2613356901348594
0.2614959640860423
0.2620718603184012
0.2623051721253568
0.2625335617422923
0.26263650192232035
0.262930848885526
0.2630917743568356
0.26338104929311695
0.2635478384455675
0.26366793988205944
0.2637383040557495
0.2639761089020168
0.2641739809408272
0.26453723856431516
0.26481878783346835
0.2649751526638907
0.26514546043858833
0.2653975987276443
0.265509660189447
0.2657122829488692
0.2659051329063901
0.2660126337273055
0.2662971363104708
0.2664083778049265
0.26659340952092625
0.2669237302251935
0.2670822247438427
0.26721709275039507
0.26729527516560625
0.26762210858294494
0.2679016889760901
0.26843919212629175
0.26865281517316675
0.26875770991357506
0.2689271051465326
0.2691121368625323
0.2692678501728279
0.26962683776267254
0.2697688691503062
0.269976585569157
0.2701695354179473
0.270384537059778
0.2704764013976511
0.270838674583135
0.27112613048031237
0.27124820079281237
0.27150710798787286
0.271596366245239
0.2717097307472952
0.2720928245818299
0.2722016284429988
0.2723227143174948
0.27242369993714255
0.2728243662047837
0.2730064872355296
0.27338241434867
0.27356748869342806
0.2738135981944361
0.27401639242326675
0.2744475762690329
0.2745381375666525
0.2748208973016662
0.2750069560844283
0.2751910459911823
0.2753552290631258
0.2754770633268299
0.27561323103332264
0.27592234456658876
0.27612612323342345
0.276276624382705
0.2764991073716163
0.27667039958431794
0.27694899553945906
0.277331437853867
0.2773972413866697
0.2775920459045709
0.27777707762057063
0.2782190902843812
0.27832528806504303
0.27854810794839485
0.2788335949695642
0.27902556038035053
0.27916239726291103
0.279327883375108
0.2794844090177491
0.2800051767218822
0.2801530717906567
0.28037555477956794
0.2804726312784551
0.2808565621000277
0.2810278543127293
