0.21638709677419354
0.2165161290322581
0.21655645161290324
0.21689516129032257
0.2169758064516129
0.21720161290322582
0.21776612903225806
0.21783064516129033
0.2180887096774194
0.21862096774193548
0.2186935483870968
0.21875
0.21929838709677418
0.21935483870967742
0.21958870967741934
0.22012903225806452
0.22042741935483873
0.22053225806451612
0.22093548387096773
0.22116129032258064
0.22129032258064518
0.22174193548387097
0.22179838709677419
0.2221209677419355
0.2225241935483871
0.22273387096774194
0.22292741935483867
0.22326612903225806
0.22343548387096773
0.22363709677419355
0.22395967741935485
0.2241774193548387
0.2242741935483871
0.22463709677419355
0.22482258064516128
0.22493548387096773
0.2250483870967742
0.22527419354838707
0.22533870967741934
0.22589516129032258
0.22611290322580646
0.2261854838709677
0.2266290322580645
0.2269354838709677
0.2271048387096774
0.22757258064516128
0.227758064516129
0.22791935483870965
0.22845967741935483
0.228508064516129
0.22871774193548386
0.22925
0.22936290322580644
0.2296774193548387
0.23023387096774192
0.23045967741935483
0.23073387096774192
0.23114516129032256
0.23130645161290322
0.23146774193548386
0.23195161290322577
0.23216935483870965
0.23230645161290323
0.23281451612903226
0.23309677419354838
0.2332258064516129
0.23339516129032256
0.23363709677419356
0.2336935483870968
0.23404032258064517
0.23435483870967744
0.23455645161290323
0.23500000000000001
0.2351209677419355
0.23525000000000001
0.23579838709677423
0.23587903225806456
0.235991935483871
0.23611290322580647
0.23633064516129035
0.23660483870967744
0.23698387096774196
0.23704032258064517
0.23733064516129035
0.23774193548387096
0.23797580645161287
0.23824193548387096
0.23867741935483872
0.2387741935483871
0.23909677419354838
0.23938709677419356
0.23966129032258066
0.2397016129032258
0.24016129032258063
0.2403870967741935
0.2406532258064516
0.24091129032258066
0.24114516129032257
0.24121774193548384
0.24178225806451611
0.24194354838709678
0.24201612903225808
0.2420725806451613
0.24233870967741936
0.24241935483870966
0.24285483870967742
0.24293548387096772
0.24319354838709678
0.24329032258064517
0.24360483870967745
0.24389516129032263
0.24443548387096778
0.2446370967741936
0.2447016129032258
0.24479838709677418
0.24501612903225806
0.24519354838709678
0.24566129032258063
0.24588709677419354
0.24600806451612903
0.24624193548387097
0.24630645161290318
0.24649193548387094
0.24691129032258063
0.24714516129032255
0.24742741935483872
0.2479112903225806
0.24822580645161288
0.2483306451612903
0.2487016129032258
0.24893548387096773
0.24920967741935482
0.24971774193548388
0.24985483870967742
0.2501451612903226
0.2506048387096774
0.25068548387096773
0.2509274193548387
0.25135483870967745
0.2516693548387097
0.25192741935483876
0.25235483870967745
0.2526048387096774
0.2528870967741936
0.25341129032258064
0.2536209677419355
0.25393548387096776
0.25448387096774194
0.2546451612903226
0.25478225806451615
0.2549677419354839
0.2550564516129032
0.2553064516129032
0.2557338709677419
0.2559193548387097
0.25620967741935485
0.25628225806451616
0.2565241935483871
0.2566451612903226
0.25717741935483873
0.25739516129032264
0.25763709677419355
0.25812096774193555
0.25821774193548386
0.2583870967741935
0.2588790322580645
0.2591935483870968
0.25943548387096776
0.2596451612903226
0.2598145161290323
0.2601209677419355
0.26058064516129037
0.2608145161290323
0.2610483870967742
0.26120967741935486
0.2613064516129032
0.2616209677419355
0.26202419354838713
0.26206451612903225
0.26221774193548386
0.26262903225806455
0.2628387096774194
0.2628790322580645
0.2633225806451613
0.2636209677419355
0.26368548387096774
0.2637983870967742
0.26391129032258065
0.2641612903225806
0.26467741935483874
0.26493548387096777
0.2650322580645162
0.26559677419354843
0.2657258064516129
0.26604032258064514
0.2665564516129032
0.2668225806451613
0.26705645161290326
0.26725000000000004
0.26737096774193553
0.2674758064516129
0.2678870967741936
0.26809677419354844
0.26820967741935486
0.26836290322580647
0.2685725806451613
0.2687983870967742
0.2691774193548387
0.2693306451612903
0.2694274193548387
0.26964516129032257
0.26976612903225805
0.2698709677419355
0.2704032258064516
0.2706451612903226
0.2708306451612903
0.2709032258064516
0.2710564516129032
0.27122580645161287
0.2715887096774193
0.27168548387096775
0.27175806451612905
0.2721209677419355
0.27235483870967747
0.27241935483870977
0.272975806451613
0.2731532258064517
0.27328225806451617
0.27376612903225817
0.2740725806451613
0.27420967741935487
0.27459677419354844
0.2748790322580646
0.2749274193548388
0.27531451612903235
0.27558064516129044
0.275733870967742
0.2762903225806453
0.2763709677419356
0.27646774193548396
0.27652419354838714
0.2767822580645162
0.2769758064516129
0.2773790322580645
0.27751612903225803
0.27766935483870964
0.27808870967741933
0.27819354838709676
0.2783467741935483
0.2788467741935483
0.2788951612903225
0.2789919354838709
0.2791774193548387
0.279258064516129
0.27945161290322573
0.2798548387096774
0.2800806451612903
0.2801612903225806
0.28051612903225803
0.28058870967741933
0.2806693548387097
0.2812016129032258
0.28126612903225806
0.2813548387096775
0.28159677419354845
0.28165322580645163
0.2819435483870968
0.2822903225806451
0.2824516129032258
0.28260483870967745
0.282741935483871
0.2828951612903226
0.28319354838709676
0.28370161290322576
0.28380645161290324
0.28386290322580643
0.2839516129032258
0.2841129032258064
0.2843870967741935
0.28494354838709673
0.2851451612903226
0.2852822580645161
0.28558870967741934
0.2857822580645161
0.28596774193548385
0.2865
0.28679838709677413
0.28704838709677416
0.287266129032258
0.2875
0.2875967741935484
0.288008064516129
0.28829838709677413
0.28836290322580643
0.28865322580645153
0.288766129032258
0.2888467741935484
0.28937903225806455
0.2896290322580645
0.2898951612903226
0.29030645161290325
0.29054032258064516
0.29072580645161294
0.2912661290322581
0.29137903225806455
0.2916290322580646
0.29167741935483876
0.2919435483870968
0.29211290322580646
0.29244354838709674
0.2925
0.29266129032258065
0.292766129032258
0.29300806451612904
0.29313709677419353
0.29362096774193547
0.29386290322580644
0.2940967741935484
0.29443548387096774
0.2945161290322581
0.29475806451612907
0.29512096774193547
0.29536290322580644
0.2955241935483871
0.29565322580645165
0.295766129032258
0.2960564516129032
0.2964677419354838
0.296516129032258
0.2966532258064516
0.29674999999999996
0.2969193548387097
0.29695967741935486
0.2973709677419355
0.2975241935483871
0.2978467741935484
0.29831451612903226
0.2985
0.29855645161290323
0.29903225806451617
0.2992661290322581
0.29943548387096774
0.29956451612903223
0.29979032258064514
0.29995967741935486
0.3003387096774193
0.30048387096774193
0.3006854838709678
0.3008306451612903
0.30101612903225805
0.30115322580645165
0.30162096774193553
0.3016693548387097
0.301991935483871
0.30250000000000005
0.3025967741935483
0.3026532258064516
0.30316935483870966
0.3033870967741935
0.3037096774193548
0.3040725806451613
0.3041854838709678
0.30437096774193545
0.3048951612903225
0.30494354838709675
0.30499193548387094
0.3050483870967742
0.30534677419354844
0.30557258064516135
0.3059516129032258
0.30599193548387094
0.3062983870967742
0.30666935483870966
0.30683064516129027
0.3069838709677419
0.3075403225806451
0.3075806451612903
0.30775
0.3081290322580645
0.3082741935483871
0.3085483870967742
0.30895161290322576
0.309258064516129
0.3093064516129032
0.3098306451612903
0.3100887096774193
0.31022580645161285
0.31057258064516124
0.31078225806451604
0.31087903225806446
0.3114274193548387
0.3116532258064516
0.3117096774193548
0.31208064516129025
0.31237903225806446
0.31252419354838706
0.31268548387096773
0.31295161290322576
0.31310483870967737
0.3136532258064516
0.3137983870967742
0.3140322580645161
0.3142661290322581
0.3143790322580645
0.3146209677419355
0.315008064516129
0.31527419354838704
0.3154112903225806
0.31554838709677413
0.3158387096774193
0.31614516129032255
0.31668548387096773
0.3169354838709677
0.31718548387096773
0.31766935483870967
0.31790322580645164
0.3182016129032258
0.3186451612903226
0.3187338709677419
0.3189032258064516
0.31916129032258067
0.31946774193548383
0.3197822580645161
0.3203467741935484
0.32050000000000006
0.3207338709677419
0.32118548387096774
0.32145967741935483
0.3216935483870968
0.3220967741935484
0.322241935483871
0.3223709677419355
0.3225161290322581
0.32259677419354843
0.3226854838709678
0.32318548387096774
0.32345967741935483
0.32370161290322585
0.32377419354838705
0.3238870967741936
0.3240887096774193
0.3246370967741935
0.32477419354838716
0.3249032258064516
0.3252258064516129
0.3252741935483871
0.32533870967741935
0.3257016129032258
0.32594354838709677
0.3260887096774194
0.32654032258064514
0.3268064516129032
0.3269758064516129
0.3273387096774194
0.3276612903225807
0.32778225806451616
0.32797580645161295
0.3281532258064516
0.3282016129032258
0.32870161290322586
0.32900000000000007
0.32931451612903234
0.3295645161290323
0.3296532258064516
0.3297983870967742
0.3301854838709678
0.33033064516129035
0.3305564516129033
0.3310725806451614
0.3312903225806453
0.33146774193548395
0.33200806451612913
0.3322500000000001
0.332491935483871
0.3328951612903226
0.33303225806451614
0.333258064516129
0.33377419354838705
0.33403225806451614
0.33418548387096775
0.3343870967741936
0.3345967741935484
0.3347983870967742
0.33513709677419357
0.3354193548387097
0.33555645161290326
0.3357661290322581
0.3359596774193549
0.33613709677419357
0.3366612903225807
0.336741935483871
0.3370483870967742
0.3374435483870968
0.337741935483871
0.3378870967741936
0.3384193548387097
0.3386209677419355
0.3389435483870968
0.33918548387096775
0.3393629032258065
0.33963709677419357
0.34001612903225803
0.3403306451612903
0.3404112903225807
0.3404919354838711
0.3407580645161291
0.34083870967741936
0.3413790322580646
0.34148387096774196
0.34165322580645163
0.34197580645161296
0.3422822580645162
0.34254838709677427
0.34298387096774197
0.3432903225806451
0.3433548387096775
0.3434274193548387
0.3436693548387097
0.343733870967742
0.34411290322580645
0.3443145161290323
0.34457258064516133
0.3446774193548387
0.3448709677419355
0.34502419354838715
0.34560483870967745
0.34583870967741936
0.34608870967741934
0.34650806451612903
0.3466048387096774
0.3469112903225806
0.3476532258064516
0.34779032258064513
0.34804032258064516
0.34817741935483865
0.3484838709677419
0.3485645161290323
0.34891935483870967
0.3491532258064516
0.34926612903225807
0.3495564516129032
0.3497822580645161
0.3499758064516129
0.3504193548387097
0.350752688172043
0.35082526881720427
0.35118010752688167
0.3512768817204301
0.35152688172043006
0.352
0.35210483870967735
0.3524381720430107
0.353002688172043
0.35321236559139785
0.35326075268817203
0.35378494623655915
0.3541075268817205
0.35415591397849466
0.3545268817204301
0.3548494623655914
0.3551290322580645
0.3556451612903226
0.3557903225806452
0.3558709677419355
0.3561075268817204
0.3563897849462366
0.3565994623655914
0.357010752688172
0.3572688172043011
0.3574623655913978
0.35752688172043007
0.3577741935483871
0.3578145161290322
0.3582016129032258
0.358508064516129
0.35879032258064514
0.35887903225806445
0.3591935483870967
0.35941129032258057
0.35989516129032256
0.3601854838709677
0.3603548387096774
0.3605887096774193
0.3607983870967742
0.3609596774193548
0.36142741935483863
0.36152419354838705
0.3616639784946236
0.36201881720430107
0.3621317204301075
0.3623333333333333
0.3626639784946236
0.3628333333333333
0.3631774193548387
0.3639086021505376
0.36405376344086016
0.36428763440860207
0.3646505376344086
0.36487634408602143
0.36504569892473115
0.36516397849462356
0.3654543010752688
0.36562365591397844
0.36607526881720426
0.3661720430107527
0.3663978494623656
0.36684946236559135
0.36705107526881714
0.3672043010752688
0.3677043010752688
0.3678978494623656
0.36821236559139786
0.36854301075268814
0.36874462365591393
0.3688736559139784
0.3694865591397849
0.36957526881720426
0.36974462365591393
0.36981989247311825
0.37005376344086016
0.3701102150537634
0.3707123655913978
0.3709543010752688
0.37124462365591393
0.3716478494623655
0.37180913978494623
0.372010752688172
0.3725268817204301
0.37276881720430105
0.3730806451612903
0.37333870967741933
0.3734435483870968
0.3736854838709677
0.37424999999999997
0.37445967741935476
0.374508064516129
0.37462096774193543
0.3748225806451612
0.37503225806451607
0.37555913978494615
0.37570430107526875
0.3758252688172042
0.3761639784946236
0.376252688172043
0.3763010752688172
0.3769354838709677
0.37708602150537623
0.37739784946236554
0.3777284946236558
0.37781720430107524
0.37793817204301067
0.37850268817204297
0.37867204301075263
0.37872580645161286
0.3794247311827957
0.3797258064516129
0.3799274193548387
0.38037903225806446
0.38049999999999995
0.38076612903225804
0.3811612903225806
0.381258064516129
0.381516129032258
0.38201075268817203
0.3820913978494624
0.3823064516129032
0.3823467741935484
0.3825483870967742
0.38275268817204305
0.3831317204301075
0.3833252688172043
0.3836075268817204
0.3838817204301075
0.38403225806451613
0.3843225806451613
0.3847338709677419
0.38479032258064516
0.3850322580645161
0.38549999999999995
0.3856532258064516
0.3859220430107527
0.3864059139784946
0.3866317204301075
0.38692204301075267
0.38748118279569893
0.38767473118279566
0.38794086021505375
0.3884650537634408
0.38858602150537636
0.3887876344086022
0.38925537634408613
0.3895456989247313
0.3899005376344087
0.3902715053763441
0.3905940860215054
0.3908118279569893
0.3911263440860216
0.3913440860215054
0.391741935483871
0.39213709677419356
0.39226612903225805
0.392508064516129
0.3928306451612903
0.39287903225806453
0.39299193548387096
0.39353225806451614
0.39367741935483874
0.39398924731182794
0.3946021505376344
0.3947069892473118
0.3947822580645161
0.3952338709677419
0.3956639784946236
0.39589784946236556
0.39596236559139786
0.39611559139784946
0.3961801075268817
0.3966236559139785
0.3969139784946237
0.39704301075268816
0.3975268817204301
0.3979139784946236
0.3982043010752688
0.39865591397849454
0.39880107526881714
0.3989301075268816
0.3993494623655914
0.399518817204301
0.3995672043010752
0.39993010752688163
0.4001075268817204
0.40051612903225803
0.40120430107526883
0.4013494623655914
0.40161559139784947
0.40225
0.40238978494623656
0.40251075268817205
0.4032311827956989
0.4034569892473118
0.40388709677419354
0.4044569892473118
0.40472311827956986
0.4050376344086021
0.40530376344086017
0.40562634408602144
0.4059166666666666
0.406279569892473
0.4063440860215053
0.4065698924731182
0.4068763440860214
0.40715053763440856
0.407505376344086
0.40795698924731183
0.40801075268817205
0.40843010752688175
0.408502688172043
0.4087284946236559
0.40879301075268815
0.4091155913978495
0.409491935483871
0.4095887096774194
0.4098037634408602
0.4101693548387097
0.41023387096774194
0.4106639784946236
0.4108467741935483
0.41122311827956987
0.41180376344086017
0.41202956989247314
0.41231182795698923
0.4129032258064515
0.41296774193548386
0.41328225806451613
0.4133629032258064
0.41349999999999987
0.4136182795698924
0.41422043010752685
0.4144462365591398
0.41479032258064513
0.4153387096774193
0.41563978494623655
0.4159139784946237
0.4163091397849462
0.4165752688172043
0.4167365591397849
0.41739247311827954
0.4176666666666667
0.4179327956989247
0.4184274193548386
0.4185779569892473
0.4188682795698925
0.41894086021505367
0.41912365591397843
0.41930645161290314
0.41982258064516126
0.42019892473118275
0.4203763440860214
0.42096774193548375
0.4212903225806451
