0.196787374620277
0.1968173496653657
0.19673301595118156
0.19683246502631793
0.19705780695014785
0.19717592717413737
0.19737867941119575
0.19730623899304364
0.19728379223789957
0.1972448850463376
0.19750125496814017
0.19756020879723363
0.19740950615785943
0.19734328112529556
0.19729716779800247
0.19737291345343805
0.19750493860749357
0.19765107525967437
0.19750797981785367
0.19743891175975395
0.1974894532306393
0.19764973810652803
0.19782502938159915
0.19793210950905302
0.19792881581177182
0.19796782761303056
0.19778377064073446
0.19797011947014195
0.19831690966443458
0.19846404122618572
0.19835942936148795
0.19835598541868132
0.19837252866876962
0.1984736798914359
0.19861073739052063
0.19862513343288407
0.19886932416678363
0.19896005630164068
0.19880076790651927
0.19875783721589568
0.19875928723478156
0.198771876103414
0.19857982358154516
0.19866529861761414
0.19869394639296903
0.1984684724062191
0.19847995812179708
0.19844941031650593
0.1982916801194981
0.19839527930655673
0.1982715216659005
0.19840975605794287
0.1987179890524228
0.1987062037367185
0.1986025966302647
0.19844911261604786
0.19846998948998457
0.198615747915731
0.19877391760957933
0.1989702499849488
0.1990702961579179
0.199076494570627
0.1989424809598307
0.19871508769510587
0.1988655720705028
0.19886094120048986
0.19866346232806334
0.19875387579763712
0.19858599322864162
0.1984192240579964
0.19833529412411666
0.198414702599687
0.19814186432069344
0.19816008453817105
0.1981159064282188
0.19835069365292868
0.19818933455070156
0.19811716931300427
0.19835162011564172
0.19842048331519466
0.19827695584193625
0.1981869134784556
0.19810397659981818
0.19799442989487467
0.1978820073174287
0.1979040387180061
0.19778382364000044
0.1976013535521844
0.1974522569580078
0.19740296788566167
0.1975215035759331
0.1977420363170654
0.19748328607250124
0.19725034390355747
0.19707829162024018
0.19710119728278702
0.19712553546922287
0.19735828770563213
0.197400805650711
0.1974408907862331
0.197219488999094
0.19728364499569134
0.19744140827255421
0.1975104780520159
0.1973556031511448
0.19752196011769746
0.1977306419252656
0.19753924832904995
0.19749373021834232
0.19761332308842977
0.19761896409539995
0.19771503211433167
0.19755862335508942
0.1975614861944869
0.19763201406870953
0.19767167615481435
0.19758354636063027
0.19784435219327237
0.19767303106859738
0.19752273541244023
0.19748502539995375
0.19736041802535242
0.1972366366451812
0.1971316452985096
0.19690504940133488
0.19683410512614535
0.1968116495786786
0.1966699559603016
0.19669126798549805
0.19657932243438445
0.19674973429089668
0.19664447597718443
0.19644996784398627
0.19634448923053244
0.19620661064081105
0.1960419501454554
0.19587536018856905
0.1959409078900402
0.19597889566945292
0.19611321943143725
0.19604470003643085
0.19590051632559935
0.19602621461567465
0.19612460271126003
0.19580341896319192
0.19586219200482735
0.1958355520789086
0.19608383682235017
0.1959946264102341
0.19591443271208203
0.1958097302434912
0.19572106414657683
0.19555526809151413
0.19570296802965184
0.19539698012832127
0.1954868779559436
0.19558554527727987
0.19564144163711777
0.1956990218371766
0.19591340233051993
0.1957264851739412
0.19559374958529108
0.19562572863486416
0.19577056860032063
0.19577684806018333
0.19596777870239154
0.1960180016203075
0.19608799399076804
0.19597225792055445
0.19608373321657127
0.19614899416238463
0.19647208404446712
0.19640720637697612
0.19633009540496418
0.19631707640632567
0.196430861615098
0.19651366775718632
0.19635417310054423
0.19616346402353205
0.19605429868444546
0.19598688425829358
0.19597290637775985
0.19594274270647183
0.19579854850916725
0.19577464289358879
0.195738777566385
0.19560533648877504
0.1955785835812782
0.19554313381641977
0.19554300021230023
0.19534219694882987
0.19540574580834233
0.19546130003080608
0.1955884252160563
0.19542742007800104
0.19550671945115247
0.19545172007397477
0.1954755816020339
0.19539690415767827
0.19544185578969964
0.19533541556975353
0.19559729950850172
0.19539436280059105
0.19552076023639692
0.1954074540680478
0.19545981945725174
0.19524663749780463
0.19524911120095295
0.19549395649023624
0.1954719156245349
0.19542793422676288
0.1955268030159379
0.19531963387339343
0.1953036484269944
0.19527068038511883
0.19540647738226607
0.19528787293129757
0.19536842039268115
0.19535477612108215
0.19537544035975524
0.1952497731254552
0.19514158917571786
0.19528161893081172
0.19511343410358625
0.19499396694450424
0.19513295428545074
0.19501857041206344
0.19498182232472586
0.19470866215880617
0.19480716861689104
0.19473616401104454
0.19498266161035085
0.19519304784984381
0.19511659750744248
0.1949094847302757
0.19494410768899278
0.19489270308679957
0.19488192428056889
0.1951294073378827
0.19499345924291075
0.19499976708861813
0.194793633151995
0.19477039272388888
0.19501159697029494
0.19498044142170717
0.19502415123981182
0.19520199407604213
0.19505518989556736
0.19493032452237707
0.1947968101654948
0.19477805875929435
0.19481481011437055
0.194712216902709
0.19487840886121355
0.195076378465964
0.19508343147679683
0.1948404595954724
0.1948833937037038
0.19476969534302827
0.19463893074640753
0.19444739042020806
0.19455386815387937
0.19460344610754407
0.19461167485424985
0.1946384653335225
0.19455288358856354
0.19468933584940096
0.19476911496649812
0.19464855061010605
0.19473002068582482
0.19475389155893266
0.19489570661903508
0.1948834156625893
0.19474947468324993
0.19466794215545216
0.19455167354032202
0.19437197755635266
0.1945179825593482
0.19453832531176907
0.19455271961539963
0.19438410325835004
0.19438512261107696
0.19424944887979836
0.19419397969376792
0.19419749465390132
0.19434433825002195
0.19452633822105214
0.1944416004322166
0.19442262033268717
0.19454629670531015
0.19443261953811028
0.1944258368970437
0.19430522237311507
0.19416009149907196
0.19407752404294457
0.19409079644568533
0.193985805158743
0.19368189256949855
0.19352105378202658
0.1937049771432734
0.19383743379969223
0.193952380100515
0.1939248426603763
0.1941783336169485
0.19412925551726865
0.19407635391620698
0.19406743764735063
0.1940268886117181
0.1939201341655802
0.19406837050818074
0.19377805864503364
0.19375864108798171
0.19374027317209003
0.19387806916002454
0.19385952960015945
0.19385071349758962
0.19394761157198356
0.19401021346251068
0.19412159289619896
0.1941487044227656
0.1940179028689208
0.1940475892582564
0.19373443956828243
0.19371252727831217
0.19373751976653997
0.19377269588546864
0.19375129890056206
0.19367261021647442
0.19351785587833964
0.1935548710960182
0.19357869798436497
0.1936496600174159
0.19342447568913002
0.19362265891540634
0.1938849557772548
0.19389400793192196
0.19390623658084297
0.1940734289129897
0.1939765960617741
0.19387119452602822
0.19389620606155572
0.19377542094555184
0.19395815108534947
0.19402134103182855
0.1940447837046434
0.1939555452255789
0.1940577257259267
0.1941082386495893
0.1942939927721993
0.19443538457785944
0.1945099795188403
0.19440986788138492
0.19458753842786652
0.19456590502249121
0.1947114319075246
0.19476256322268243
0.19490002461662145
0.19497679428543574
0.1948132814889989
0.19470396634954457
0.19487617797289994
0.1948341249203877
0.19483515796808856
0.19467113488938453
0.19454701219974876
0.1946735664949355
0.19457308240940968
0.19475561358605523
0.1948379726581265
0.19498566084218713
0.19483525586185874
0.19491185601317743
0.19504800425800473
0.1951368061983923
0.19516410081239077
0.1951980014318483
0.19503235858236712
0.19510473202706424
0.195317821224742
0.19537775610322924
0.19541011717007709
0.19544848772199788
0.19518139525673164
0.19518957643844914
0.19493549086569378
0.19477197909907237
0.1946967551464713
0.1947368127707307
0.19490985911967607
0.19486232197063125
0.19455396872964856
0.19447352995408734
0.19428098505147587
0.1943694719353774
0.19448420690505344
0.19443349965717643
0.19423796787673608
0.1942174588969517
0.19414402039842
0.19381256869388686
0.1938389338593683
0.19394237029749592
0.1938431116729649
0.19381800015448641
0.1937258564964914
0.19366084876681358
0.1935468156752682
0.19343644767346654
0.19338838030701502
0.19354921737563954
0.193578089333639
0.19387174196866758
0.19405942963749082
0.19423937276012548
0.19396412114123943
0.19405795673370305
0.19410096503513694
0.19426199075086317
0.1941635950280696
0.19432093177090606
0.19425918909648593
0.1943175264610691
0.19424842734463257
0.19444425128942874
0.1942607394087921
0.1942165742243783
0.19438938075129372
0.1943095118979211
0.1941350301282498
0.19429212965754827
0.19413403260232134
0.19414620655848994
0.19410817993602278
0.19406422450262972
0.19383379250390398
0.19400149376041925
0.19407894912525173
0.19395434760040747
0.19378339438219527
0.19373236913136282
0.19366135706906745
0.1935336820138213
0.19349900810191684
0.19343992778860036
0.1935905544506269
0.19375039230501617
0.1936071201614998
0.19341631497402342
0.1935683230980051
0.19353985808680657
0.1935263409053644
0.19361878180151218
0.19352996282684895
0.19374912012450002
0.19403704923535242
0.19399865002449337
0.19430007756773796
0.1942858934315426
0.19427580275876202
0.1941442020731062
0.19417387608366493
0.1942841334041988
0.1943244631086864
0.19441553853624177
0.19429250527964476
0.1943250038935984
0.19446474488884047
0.19455039802576637
0.19478890196863655
0.19488075442925976
0.19497200902346742
0.19532179303593675
0.19537744664750128
0.195244382172585
0.19543550722205377
0.19555826059139406
0.1955924929335121
0.19530796646853826
0.1952205912896838
0.19523817091601411
0.1951357385857675
0.1952414732541933
0.19513989416753247
0.1952161520761601
0.19549053886662773
0.19544003945927152
0.19541053991088958
0.19552914591983306
0.19567288599438162
0.19605435111045127
0.19607943360121252
0.19606188705152358
0.19624381831496304
0.19633563928950942
0.19633455429556512
0.19659632670961436
0.19638793353493952
0.196506328766456
0.19661783643527528
0.1967072113768437
0.1967042019157941
0.196841292401926
0.19696419165772724
0.19683797982547419
0.1966808566685587
0.1965782143302541
0.19644225452141276
0.19673613396121148
0.1966517469631643
0.1967439829979921
0.1966077041468861
0.19667547971612273
0.19668139388569203
0.19656625084685297
0.1966587521463845
0.19663778770098667
0.19653317649745342
0.196509373460347
0.1967468844207286
0.19689903057200409
0.19689336731581558
0.19682891807998656
0.19673764178452324
0.19690783419027805
0.19683917062106623
0.19679893486200917
0.19700598325643381
0.19700799181102557
0.19718316452579596
0.19714412907209883
0.19712118592259736
0.19701266783199126
0.19701025965914032
0.19688167515343713
0.19685607331107227
0.1967962397399503
0.1967937074251509
0.19696381149208003
0.19691531387833688
0.19703737987149814
0.19701795449451548
0.19700250455260754
0.19701491900578694
0.19705906901245218
0.19705562931346218
0.1970775788301662
0.19723869043226674
0.1971978424386338
0.19706438272085758
0.19737705034580313
0.1973376860600898
0.1972921178455597
0.19728885880758465
0.19723943252934006
0.1969836211194512
0.19731990476606148
0.1976042043679245
0.19762285420353565
0.19776110579430822
0.1978477737770805
0.19774836287028927
0.19759622800843923
0.1973667580351712
0.1973258222943436
0.19725027559401045
0.19734186866138903
0.19748325756920782
0.19737175762929246
0.19742568335075036
0.19752483640191987
0.1974007188399966
0.19760110757051516
0.19740212385390205
0.19740696702081972
0.19740393139706502
0.19736693714502382
0.19742604218764526
0.19743533684013828
0.19738914470067234
0.1974224469319259
0.19755575836346345
0.19752570525665533
0.19757218915032643
0.19764645869262593
0.1976146407083326
0.19787081620065672
0.19805109334367166
0.19808700860783143
0.1978810087207358
0.19804616931186644
0.19806204206977135
0.19811463150210568
0.1982588205505106
0.19842124182995646
0.19835152794539232
0.19833275515887264
0.1983610536913237
0.19819845707798023
0.19833272514447114
0.1983337939261838
0.1982139589445259
0.19832344319791714
0.19848422889803793
0.1987251248633972
0.19872085007588267
0.19865338645615133
0.19857578959274555
0.19848483624396604
0.1982823667973798
0.19851943413742737
0.19881696567922152
0.19902081179517367
0.19913671691295065
0.19914386574667814
0.19902853358747036
0.19895446353064833
0.19900625301388428
0.19907394391101085
0.1986934773717935
0.1986868072836605
0.1986456904845368
0.1988984796175842
0.19896973946346574
0.19898103385565566
0.19896991604885705
0.19895694572518935
0.19895709844863688
0.1987605466478942
0.19901954194607824
0.19917500948201838
0.19910785925426513
0.19915947253883967
0.19916143790908006
0.19953093692938126
0.19979527377761894
0.199761840091362
0.19969446507533387
0.19974531234182408
0.1996635720249882
0.19977638113232823
0.19973199309641376
0.1997198268268389
0.19989974341077724
0.1999516389703508
0.19982343068290737
0.19995994777747422
0.19976780646576037
0.19974566856717157
0.19984582014511573
0.19980264915179294
0.19968821855603983
0.19984006583602565
0.19979729941877628
0.1995652589987774
0.1997999357475285
0.19950844165974657
0.19948673084296176
0.1997114677962836
0.19968123017309286
0.19967690035707372
0.1996711924043941
0.19982699135060517
0.19975712118267988
0.19962620162161948
0.1996359164923243
0.19965700639838996
0.19962269092705823
0.19968119378732052
0.19984381893564174
0.2000771131499314
0.19976982259137635
0.19969949385681815
0.1998581716366815
0.2000586747507142
0.1999790628258954
0.2002265218782313
0.200365047130692
0.2003042542509707
0.20030650263336786
0.20034935324180442
0.20020549084444095
0.19992174270059515
0.20003911357540566
0.20022843392537662
0.2001462446275179
0.20042305539783895
0.20047958774228225
0.20021242840414372
0.2003533176351688
0.2005801223836875
0.2008969246105891
0.20099059177228798
0.2010295428825312
0.20085195639352052
0.2007728943960715
0.20085627021409602
0.2010011034492536
0.2010330503312569
0.2012291641462929
0.20122855917966187
0.20123872663003678
0.20131290275000732
0.20144036424884243
0.20151878295161643
0.20149846428430965
0.20129362213724236
0.20130550378577328
0.20135585340516676
0.20164208302057393
0.20157886796777164
0.20142924799763756
0.20172032512735333
0.20157595510876777
0.20170710421588703
0.20145553030729535
0.2015056449509172
0.20132716553006594
0.20157160518212824
0.20136307462476302
0.2014501989948641
0.20121316788744945
0.2013234547375197
0.20115356046432867
0.20134024652939408
0.20125554802979606
0.2012619687554096
0.20143941270416335
0.20152648178552746
0.2016990720593128
0.20185406311813897
0.20189662910356268
0.20204805911713647
0.20242108019004987
0.20239584957708256
0.20257028277460704
0.20237587641434035
0.2026068180755223
0.20257872322015646
0.20283920924966709
0.2027338040280352
0.20243152659015695
0.2027603710714426
0.202919360517809
0.20272679187855192
0.20277967854543094
0.20280662078585057
0.2028631088291682
0.2030766122127367
0.20272633828479
0.20271084754262586
0.20272528592395325
0.20291567964676793
0.2028944629240512
0.20306104299167854
0.20270558155768406
0.2027996100090495
0.20289106535047105
0.2029197825657853
0.20306143254894882
0.20315110479876317
0.20312706972191372
0.20322850150564103
0.20345009681578308
0.20345315890637086
0.2033051542475887
0.2035627386429026
0.20370452118542007
0.20372734793396738
0.20379527214529766
0.20377527599118125
0.20368140192539078
0.2039351892196904
0.20398389869282013
0.2039190913792049
0.20392817809945113
0.2037340902506737
0.20362306102363795
0.20401260576815147
0.20420088328517177
0.20417980594238672
0.2043342195543875
0.20434337652280993
0.20413389142643718
0.20440043061493804
0.20444954821023503
0.20447670072450327
0.20415698281713499
0.20421449162914004
0.20419809960300597
0.20412362037085682
0.2043616883757708
0.20430437389086398
0.20425535343141973
0.2041265885631893
0.20409999749599303
0.20439921797740984
0.20456480616140543
0.20465532330473668
0.20467145466912762
0.2050750055809912
