0.18809498529844834
0.18828862949157973
0.1884056349405683
0.18860570812256658
0.18879949868783844
0.1889709940389166
0.1893374429512689
0.18951991030848175
0.1897265768741628
0.18996965286030368
0.19017074194949155
0.19026820400170175
0.19052494572022943
0.19069091088703163
0.1909246977353812
0.19115184648947925
0.1913586672455423
0.19150144833738578
0.19169735868039808
0.19187906031414997
0.19207120160508498
0.19231338067604334
0.19250933155989552
0.19267827867730988
0.19291853139056545
0.19311348484596758
0.19328925646568573
0.19350575214089513
0.1937203316709797
0.19387000069875532
0.1941516446404
0.19438352496983463
0.19455502537019373
0.19474129248236985
0.19493996835729624
0.19503620544579614
0.19523408281765514
0.1955016838293356
0.19563569209680026
0.19586681576704765
0.1960635933077807
0.19616422313228726
0.19640641490788807
0.19668484588617158
0.1969284679846267
0.19715609158288117
0.19732340687041003
0.19747599226515306
0.19785188832521539
0.19804857189231415
0.19820044050090171
0.19844274595047665
0.19866311461965558
0.19889241502711624
0.1992248102610511
0.19938228062340052
0.19958219235871133
0.19982873016446973
0.19998930883161592
0.20021048134632724
0.2005239057719471
0.20079198829772127
0.2009576366058538
0.20121963714238061
0.2014168014254609
0.20155922918979566
0.20175361810300796
0.20198460194074816
0.20216474808648538
0.20232599799853015
0.20254807806449004
0.20268224485494551
0.2028901079943474
0.2031055854494707
0.2032484606452525
0.20346911323061467
0.20364188384275697
0.20383049334895684
0.2040142078134203
0.2043036706643942
0.2045204645566536
0.20473700106588694
0.20496937527200967
0.20521366223861012
0.20545956351734868
0.20572793346937074
0.20600259733384935
0.20625046643954675
0.20640004492231273
0.20652272217162085
0.2066654640500967
0.20685299937877555
0.20704941096065338
0.2072333347748216
0.20747907981903374
0.20769236941256336
0.20793757955875145
0.20814751768388504
0.20831171184795863
0.20856936813786423
0.20875026393080337
0.20884610786762678
0.20898812506840958
0.20917949617297077
0.20934996325426483
0.20959151215052454
0.20976619377707062
0.20994752156042976
0.2101360734559624
0.21041841565615893
0.21064626545405737
0.21088171242455392
0.21106846525312856
0.21113135571728456
0.2113443653281837
0.21160249970355832
0.21180326890450799
0.21207529545623346
0.21228809127894702
0.21245386410886377
0.2126901815428257
0.21290120246183394
0.2130958453864557
0.21335064621023772
0.2136098725496328
0.2137217820117899
0.21401057853684216
0.21423837668548257
0.21444298418695498
0.2146152458478622
0.21478130589228284
0.21491026434940502
0.21516995045840953
0.21540887748294318
0.21565927323255618
0.21592882821824877
0.21608692856798478
0.21626964996103906
0.21649224602279538
0.21674748407359049
0.21698389026902565
0.21723592715711798
0.21746855367255377
0.2176224339472607
0.21793254731502038
0.21811941222134482
0.21833724405846217
0.21856992751675705
0.21879417351251437
0.21898977529559463
0.2191300666114177
0.2193402641962978
0.21957039452638397
0.21978273347875266
0.21997531707855772
0.22014717338807407
0.220335217879732
0.22058022790336915
0.22071407217507388
0.22096939322138917
0.2211715577667063
0.22136593307129193
0.22163680752368925
0.22182645335409074
0.221984246683111
0.22223627179497701
0.22250709853166906
0.22265771788298955
0.22294254879234224
0.22316588037960164
0.22335275136949526
0.22361270084736704
0.2238679963459493
0.22406843883398742
0.22423959045119068
0.2244023069757608
0.22455199575274026
0.22473727744886865
0.2248819313027405
0.22502226496737182
0.22530473274807272
0.22550813374014242
0.22561026420281294
0.22587247661368498
0.22606281923671803
0.2261534102599434
0.22631704493925217
0.2264915192113739
0.22667969816049802
0.22689043688985136
0.22710682521897588
0.22720839417716915
0.22744935833411514
0.22758240798744125
0.22778320204388375
0.22798543379350195
0.2282568470530441
0.2284154751992348
0.22863383831843953
0.22884668744364342
0.22899462630271444
0.22924195989958765
0.22946625116784977
0.2296199216693639
0.22983097693162682
0.2300758863361244
0.23031325782377937
0.23047779077831893
0.23071838714400938
0.23083029984747908
0.23103229682996365
0.2312751782233306
0.23147455341552906
0.23176206883212405
0.2319431035535862
0.23216449166445147
0.2323048439625584
0.23246686611326542
0.23263199467936083
0.232846613154061
0.23301922723849278
0.23313029917152694
0.23334659647514575
0.2335441496831657
0.23370516724684529
0.23397775737976842
0.23417796265747237
0.2343595979094673
0.2346861593670351
0.23495418734428664
0.23513785748909352
0.23531184522227255
0.2355270809227088
0.23563228919903412
0.2358200676913123
0.23607996394813374
0.2362309370504511
0.23647067002166952
0.23665862396831785
0.23681763208104648
0.23697858802721006
0.23717862619814553
0.2373377025494634
0.23750294226489246
0.237697522586574
0.23779710298318038
0.23806207074596447
0.23831085928500875
0.23852283589445894
0.23876402431277655
0.2389328284622431
0.23903129214520819
0.23915160496282425
0.239379738945658
0.23963762879738504
0.23977995213933148
0.24000083861227514
0.24009166788012293
0.240408182881048
0.240635259112812
0.24081722368379904
0.24102306202895094
0.24117857724455197
0.241287659418831
0.24150618831733198
0.24163880183494127
0.24182055442571104
0.2419782911864963
0.24215971897819488
0.24234387218445572
0.24250162021653918
0.24266531160253096
0.24292453105210068
0.24314495514935439
0.24333712478141492
0.24344857449839458
0.24369324629350192
0.2438306141163562
0.24405228566290862
0.24423316656861285
0.24447320387302648
0.24457624499795416
0.24485174798778003
0.24511090762780213
0.245315543095776
0.24551038197321984
0.24575958107581605
0.245941319048103
0.2461268551546969
0.24637421078923843
0.24648562169190655
0.24665703745165715
0.2468567132308101
0.24703526492762912
0.2472629100830558
0.24749811099068847
0.24765298566427685
0.24793878667895428
0.2481242848752208
0.2483206304255338
0.248567295807077
0.24876314989947038
0.2489952639780385
0.24920971563915423
0.24936636777366444
0.24955675527014626
0.2497288042341641
0.24996711525456192
0.25011193283544164
0.25028053749758933
0.2504586932004753
0.2505495738569731
0.2506822891094501
0.25090579325181506
0.2511204896157464
0.25133089997895586
0.2515379982174409
0.25167093478316105
0.2518977266182456
0.2520997877510307
0.2523145299168269
0.2525680999295055
0.2527781444723078
0.2529815903378262
0.2530989017162343
0.2532783894357314
0.2534611753211342
0.2536140879662929
0.2537906286648007
0.25391152300484987
0.25412864074333225
0.25437779428023954
0.2545853746436184
0.25481918467794046
0.2550033687499673
0.2551434939688781
0.2553309947099823
0.25548926447938325
0.2556160179806524
0.25587478154530147
0.256094428566356
0.2562720715961982
0.2564452682699273
0.2566592496068075
0.25681246812437775
0.25696630916128504
0.2571825347162499
0.2573842302403718
0.25765280666726603
0.25792201537001125
0.25811361067893607
0.2583836065890185
0.25850366287058457
0.258711374906181
0.2590282472740397
0.25921787763083826
0.2593932470101741
0.2596584412413543
0.25988766981872097
0.2600374195535523
0.26021208528300727
0.2604267178468302
0.2606138370251721
0.26086073257248815
0.26099904880504693
0.2611187430124466
0.2612703619748096
0.26148172255569185
0.26162814921211663
0.2618647423775402
0.2620511025593664
0.26220319548633364
0.2624080362401554
0.26256196298453544
0.26269867109439743
0.2629166462740867
0.2631084321933685
0.2631819036131351
0.26344004835582374
0.26361342120059517
0.26380877710812356
0.264049774362292
0.2643045573751426
0.2644532198531863
0.264725910393505
0.2649777566223762
0.26514227925846573
0.265351506501845
0.2655348048485475
0.2656690856061612
0.26594749282024804
0.2661229317982215
0.2663352382071599
0.26655240007798686
0.26674312178800563
0.2668994122718375
0.2671507108410342
0.26742906344959044
0.26757970720033974
0.2677940195338763
0.2679707033876439
0.26810552379937863
0.26832745164580485
0.26858305288649464
0.26876355969748605
0.26891455228839917
0.2691465441906556
0.26934553928601207
0.2695417385456246
0.2697775178158178
0.2699826283152601
0.27024999634334324
0.27044868107079933
0.27065310179773944
0.2709299797149208
0.2711508740305379
0.2713380517479632
0.2715625288379095
0.27175703400674445
0.2719227220087407
0.27216290268015825
0.27240778491626655
0.27261838527088894
0.2729120082488963
0.2731011747966605
0.2732936763293616
0.27361045682473834
0.27387164950074
0.2741021403087683
0.2743204838905132
0.27452794380410867
0.27461098218613655
0.274860927816782
0.2750944628933226
0.27525843473429695
0.2754955523489906
0.27567940542436103
0.2758773528183457
0.27610029659639357
0.2762579279493664
0.27648091673116704
0.27672662857228475
0.2768783861699867
0.2770080000563564
0.27727520007368683
0.2774808017948727
0.2776334769365132
0.277790424869305
0.27800914179651454
0.2781766681602765
0.2783424821174012
0.27853145228885523
0.2786868471035369
0.27884752779873495
0.2791141714667411
0.27927600609366765
0.27947449803631824
0.27969867733270265
0.27981475571741476
0.2800484382818241
0.28025271766147264
0.280446053400544
0.280622754348571
0.2807770938879593
0.28098528562968106
0.281141787059442
0.28129906325250564
0.28144225772572556
0.2817501052612204
0.281984884309571
0.28217123215323486
0.28243633804642987
0.2827007853993687
0.2828170701856571
0.2830106355041332
0.28317346833318996
0.28337779534710383
0.28363763968591515
0.2838602871607534
0.2839883236598882
0.2840990077592789
0.2842644900275071
0.28449865766493876
0.28472588157188344
0.2849375872141129
0.28512180621576255
0.28531495958620645
0.2855525892061357
0.2857450732455214
0.28593097514809046
0.28607001241797353
0.28620407747356125
0.2865405801184072
0.28679749644432884
0.2869579656886697
0.2872034686605788
0.28740220015089196
0.2876167035427058
0.28787997803725646
0.2880363605564502
0.2882463540526506
0.28846704204813156
0.28867555779895643
0.28880237646038226
0.28899225574673315
0.28921308216580915
0.28937110015525713
0.289614407634643
0.28977281726098325
0.28992861626246347
0.29019924914748585
0.2904332211578554
0.29067446635615213
0.29088381091387416
0.29111402660938496
0.29122409712340824
0.29135951072793037
0.29159986039552477
0.2918165567226452
0.2920577999826695
0.29223323401723394
0.29242100780227925
0.2926396482980339
0.29284158446111463
0.2930571326550357
0.2933570039692998
0.2935835054300079
0.29377179199396897
0.2939904387931809
0.2941440819389937
0.2943194055408967
0.2946877807456598
0.2948638019138745
0.29499127451419555
0.29516923434569936
0.29540367678617646
0.29558576539845166
0.29580459964000405
0.295995866827105
0.29614269849287256
0.29640669869763564
0.2966117808885284
0.29680488888059553
0.29703110451128006
0.2972602724905307
0.29738527392387504
0.29761358548666333
0.2978334725603085
0.29807053115542265
0.29830365400278486
0.29844822265411214
0.2987247560409989
0.2991118775322372
0.29937004500483433
0.29951512257482066
0.29974882847993845
0.30003593957943075
0.30011421139949135
0.3003916519124462
0.3006206128697768
0.30098027041660974
0.30118191333048144
0.3013844959073999
0.3014785345796801
0.301785286905579
0.302034922249764
0.3022666435512797
0.3024760711045219
0.3027446814023187
0.3029195723785695
0.30302664092402476
0.30331400205263703
0.3034972590033795
0.30371873553366996
0.3039664889456809
0.30410426544267866
0.3042654876243981
0.30452131068325905
0.30471888201982655
0.30498880413109164
0.3051964312328955
0.30541017716741
0.3055771154935375
0.3058162779204369
0.3060161866261792
0.30623380866567174
0.3063872559401024
0.3065256439294337
0.3068199770969552
0.3070339457536249
0.3072140342398309
0.307398738640263
0.3075581263449055
0.3077575634563806
0.308298129993889
0.30845939349012846
0.3086433091928711
0.30888139454298497
0.30904274212604077
0.3091625953857914
0.3095030871060115
0.3096992219791475
0.3099213750153616
0.31014849136447736
0.31034739187539945
0.3104991713234576
0.3107799020537726
0.31099340219417515
0.31119794892510777
0.3114728758164056
0.3116973933413197
0.31189234408476935
0.3121213524401892
0.31235399384285994
0.3125476219760202
0.3128531089971896
0.31300804883093464
0.31311903433982397
0.3133967101473256
0.3136437845776364
0.31383479636884776
0.3140610709141687
0.31424557330264136
0.3144227409833991
0.31471768794803207
0.3149954450832387
0.31521138001950694
0.31544171967486584
0.31567891055299774
0.31593000238662505
0.31618427214006384
0.3164129752583043
0.31661330380361624
0.3169031449190317
0.31710884162370806
0.3171768250451269
0.3173719082263303
0.3175515217136439
0.31776881923910527
0.31805345234562415
0.3182585191687859
0.31837690974956395
0.31852591367301814
0.3187527194669215
0.3188746333545291
0.31913555365967866
0.31935160824217196
0.3195442930539999
0.3197704746020378
0.319966538361752
0.32013227803743827
0.32039791000055967
0.3206198198487424
0.32086296104602896
0.321323823702489
0.32175991684870037
0.32197798028493474
0.322225185296167
0.3224331846521393
0.32258472535064714
0.3227998877062051
0.323005679768996
0.32327616598869385
0.3235499643705403
0.32373364180422853
0.32390047322643956
0.32396754697102537
0.3241247572628282
0.3243877412388027
0.3245734597384561
0.3247799719345871
0.3249030375224667
0.3251469745657511
0.325394215829192
0.3257308062084763
0.32592331587703494
0.3261161244548838
0.3262620547914199
0.3265763146450103
0.32685013840686145
0.3271397815152704
0.32740870648914444
0.3276205856719036
0.327748142065857
0.3282529572540291
0.3285690106026934
0.3287756230433399
0.32901283715630825
0.3292258341684369
0.3294064516808419
0.32959122782992795
0.3298358788659752
0.3301686485232333
0.33042845093672446
0.33067377313623036
0.3307889746237159
0.3309626447571212
0.33117291103665464
0.33144457389682774
0.33161893478815935
0.3317990841833533
0.33195488419468977
0.3322444477706752
0.33247442213498707
0.3326271349996428
0.3328722309180647
0.33308557835843755
0.33328103180370805
0.33371793799070404
0.33389510325269334
0.3341816445150841
0.3343982184345649
0.33473792336568053
0.33491740505047246
0.3351399434041771
0.33534086025587545
0.3354723859791931
0.3356630584017143
0.3359391119866437
0.3360507554494211
0.33630496472550403
0.3367349770900454
0.33703290843140127
0.3373071062325605
0.33751820684876827
0.3376959652440556
0.3379675179614809
0.33815028803123265
0.3383257757103355
0.3385486353771351
0.3387219823565574
0.33903437144320897
0.3393475312791885
0.339556322810339
0.3398400958627499
0.3400948135784337
0.3403479929456632
0.34049976301183155
0.3408598046994996
0.3412595989913342
0.3416425500477019
0.341913791830926
0.3421444846020496
0.3422800289748051
0.3424431887855255
0.342701035123852
0.34292977731701213
0.34308885707252273
0.3433499394030418
0.3435940841233039
0.3439006907165573
0.3441689693010256
0.34447518275868694
0.34479638141040064
0.3450386261390633
0.3453052279378284
0.3454580700559334
0.3456783466653184
0.34585867993578
0.34604883453010454
0.3463545025041049
0.346503824849877
0.34680573872861525
0.34715290877124794
0.3473685807377051
0.3475837270120667
0.3478124855701144
0.3479891249875371
0.34842004594897863
0.34860422861209317
0.3488165348092875
0.34915311670927907
0.34937829241177404
0.3495855512173943
0.3497215877403096
0.34986893611854564
0.3501298569749805
0.3503773473406139
0.3505940720902998
0.35084980708483954
0.3511699688476923
0.35157069310529476
0.35178246631830534
0.3519479595402157
0.3521992984385082
0.35233416523847594
0.352665199318407
0.35291199405927137
0.3531237642182814
0.3534534289843264
0.35371639345530254
0.35384836477271686
0.35396742447280916
0.3542739281952974
0.354583266626707
0.3548412417379867
0.3551355251196231
0.3553251168249901
0.35573781996049075
0.3561064293039887
